activity,timestamp
1,0.5041666666666667
17,4.907638888888889
2,0.041666666666666664
4,13.038194444444445
3,-0.49236111111111114
5,102.04166666666667
6,-107.62430555555555
6,9.041666666666666
3,7.51875
4,4.668055555555555
1,0.33125
3,2.6680555555555556
4,12.622916666666667
5,43.03194444444444
6,-50.922222222222224
1,1.3159722222222223
3,4.683333333333334
6,2.7444444444444445
4,-0.06041666666666667
9,6.725694444444445
5,17.26597222222222
1,0.6229166666666667
3,3.376388888888889
4,16.520833333333332
5,5.936805555555556
12,-0.7097222222222223
11,0.2520833333333333
6,-6.554166666666666
3,7.554166666666666
4,0.4166666666666667
3,4.502083333333333
6,3.4375
4,15.005555555555556
5,22.2125
1,0.41388888888888886
3,24.585416666666667
4,4.733333333333333
6,-2.3201388888888888
1,0.7020833333333333
6,43.91736111111111
6,18.06388888888889
1,0.3326388888888889
3,1.6666666666666667
4,28.316666666666666
5,28.33888888888889
6,-54.922916666666666
1,0.5680555555555555
6,18.820138888888888
3,1.6527777777777777
4,47.43055555555556
2,0.058333333333333334
6,1.7506944444444446
3,0.5527777777777778
7,0.39166666666666666
4,2.0430555555555556
4,0.0006944444444444445
3,13.582638888888889
6,0.6479166666666667
4,35.790277777777774
9,3.91875
1,16.79652777777778
16,35.00138888888889
1,0.5423611111111111
2,0.07569444444444444
6,6.977083333333334
3,0.4041666666666667
4,14.479861111111111
9,34.99583333333333
1,0.46458333333333335
3,29.53472222222222
6,2.3965277777777776
5,83.30069444444445
4,-80.07986111111111
1,5.48125
4,42.041666666666664
3,-6.481944444444444
6,-0.44375
5,48.10069444444444
6,23.1125
3,11.434027777777779
4,1.7090277777777778
3,30.59027777777778
17,11.622916666666667
1,0.0
17,1.1020833333333333
4,2.553472222222222
1,0.43819444444444444
2,0.0375
3,1.523611111111111
4,5.485416666666667
6,-5.152777777777778
9,48.143055555555556
1,0.3138888888888889
3,1.6854166666666666
6,1.3854166666666667
4,18.102083333333333
9,8.055555555555555
5,1.1340277777777779
1,0.36875
2,0.09236111111111112
6,2.0368055555555555
3,0.5013888888888889
5,89.71666666666667
9,-13.081944444444444
4,-74.11736111111111
4,23.018055555555556
3,-11.655555555555555
6,-0.5604166666666667
5,35.02013888888889
1,0.6576388888888889
3,37.38333333333333
4,32.46458333333333
6,-27.9
3,3.5375
4,47.699305555555554
6,-45.1625
3,26.61111111111111
4,6.659027777777778
6,-4.933333333333334
3,10.54513888888889
6,3.5208333333333335
4,7.1090277777777775
5,80.06805555555556
1,0.4701388888888889
6,44.852777777777774
6,14.128472222222221
3,1.3694444444444445
4,13.375
1,0.6625
3,15.378472222222221
4,33.56319444444444
6,-32.984722222222224
9,45.768055555555556
1,0.3784722222222222
3,2.620833333333333
4,17.40763888888889
6,-14.022222222222222
6,18.65763888888889
1,0.6958333333333333
1,0.4
6,8.045833333333333
3,0.5534722222222223
4,19.464583333333334
1,0.42569444444444443
4,53.16875
3,-39.59513888888889
6,-0.2548611111111111
1,0.19236111111111112
2,0.5333333333333333
6,3.69375
3,0.5798611111111112
4,8.45
6,38.77986111111111
1,0.7347222222222223
2,0.017361111111111112
4,14.668055555555556
3,-9.420833333333333
6,-0.33958333333333335
5,87.03680555555556
1,0.37777777777777777
2,0.03263888888888889
3,4.588888888888889
6,0.45902777777777776
5,92.25763888888889
9,-13.081944444444444
4,-78.97222222222223
1,0.39305555555555555
6,12.907638888888888
1,2.654861111111111
40,0.4201388888888889
1,0.014583333333333334
6,9.043055555555556
3,0.5215277777777778
4,18.455555555555556
4,20.789583333333333
3,-6.459027777777778
6,-0.2076388888888889
5,98.24930555555555
3,15.614583333333334
4,26.433333333333334
6,-26.12986111111111
9,32.053472222222226
1,0.3576388888888889
3,4.641666666666667
6,1.4229166666666666
5,50.31736111111111
4,-27.175
1,0.7708333333333334
4,22.79513888888889
3,-6.525
6,-0.38055555555555554
9,11.695833333333333
5,51.34097222222222
1,0.45625
3,25.584722222222222
4,1.6875
5,48.96805555555556
9,-20.21388888888889
6,-29.90972222222222
6,3.261111111111111
3,0.27291666666666664
4,0.44513888888888886
5,48.275
27,0.041666666666666664
28,0.0
29,0.0
31,0.0
1,0.0
30,0.0
32,0.0
3,0.4375
4,8.552083333333334
6,-5.920833333333333
1,0.4527777777777778
7,1.1541666666666666
3,17.43402777777778
4,35.44166666666667
6,-35.07013888888889
1,1.3229166666666667
3,15.676388888888889
5,22.647916666666667
6,-19.914583333333333
9,0.36666666666666664
4,-2.5902777777777777
1,0.5763888888888888
6,11.903472222222222
6,0.60625
3,0.6291666666666667
4,3.7006944444444443
5,22.747222222222224
6,1.1597222222222223
3,0.4326388888888889
3,13.0
5,41.6125
4,-20.400694444444444
9,18.45625
4,-18.933333333333334
1,0.3680555555555556
6,4.358333333333333
3,-0.7270833333333333
4,-0.20833333333333334
9,1.2854166666666667
1,0.3277777777777778
3,1.6715277777777777
4,37.74236111111111
6,-37.43263888888889
5,58.113194444444446
1,0.43125
3,1.5680555555555555
4,30.64097222222222
6,-26.270138888888887
1,0.45416666666666666
6,71.94166666666666
6,15.022916666666667
3,1.4868055555555555
4,17.474305555555556
6,0.0
15,0.0
6,0.0006944444444444445
6,0.0
15,0.0
15,0.0
15,0.0
15,0.0
15,0.0
6,0.0006944444444444445
15,0.0
15,0.0
15,0.0
15,0.0
15,0.0
15,0.0
15,0.0
6,0.9979166666666667
15,0.0
15,0.0
15,0.0
15,0.0
15,0.0
15,0.0
15,0.0
1,0.7305555555555555
3,9.51388888888889
6,32.42777777777778
4,-27.975
9,28.64027777777778
1,0.4201388888888889
2,0.030555555555555555
6,17.15277777777778
3,0.3958333333333333
3,3.0
6,0.32430555555555557
4,6.133333333333334
4,0.13194444444444445
9,30.886111111111113
1,0.40069444444444446
2,0.04722222222222222
3,2.551388888888889
4,3.5625
6,-3.2472222222222222
9,33.16041666666667
1,0.35138888888888886
3,4.647916666666666
6,2.3645833333333335
5,56.375
4,-41.10138888888889
1,0.6979166666666666
2,0.0125
6,4.865972222222222
3,3.4229166666666666
5,76.42152777777778
4,-73.83819444444444
1,0.6069444444444444
6,15.153472222222222
1,0.7173611111111111
2,0.0125
6,34.584722222222226
1,0.20347222222222222
2,0.1951388888888889
6,8.17361111111111
3,0.4270833333333333
4,0.5222222222222223
9,13.959027777777777
5,63.238194444444446
3,7.449305555555555
4,23.60763888888889
6,-7.125
1,0.4263888888888889
8,0.05416666666666667
4,22.983333333333334
3,-1.4645833333333333
6,-0.5263888888888889
6,3.2645833333333334
3,8.321527777777778
4,38.61666666666667
9,7.051388888888889
6,0.01597222222222222
3,3.4006944444444445
4,6.452083333333333
5,91.58958333333334
3,10.540277777777778
6,2.4930555555555554
4,15.067361111111111
1,0.40694444444444444
8,0.011805555555555555
4,23.039583333333333
3,-2.4590277777777776
6,-0.5680555555555555
1,4.557638888888889
3,18.441666666666666
6,1.5541666666666667
4,13.922222222222222
5,85.22013888888888
1,0.6173611111111111
1,2.6659722222222224
8,0.021527777777777778
17,0.8708333333333333
6,43.260416666666664
3,0.18055555555555555
4,5.6305555555555555
1,0.3375
3,3.6618055555555555
6,2.384027777777778
5,64.0375
4,-23.698611111111113
3,0.5625
4,15.360416666666667
6,-14.630555555555556
5,42.010416666666664
1,0.3298611111111111
3,2.6694444444444443
6,3.342361111111111
5,60.077777777777776
4,-50.03611111111111
1,2.529861111111111
3,10.469444444444445
4,30.624305555555555
6,-30.11111111111111
1,0.5041666666666667
17,4.907638888888889
2,0.04097222222222222
4,13.029861111111112
3,-0.48333333333333334
6,-5.582638888888889
5,107.62430555555555
2,2.9965277777777777
3,15.424305555555556
6,0.4326388888888889
4,0.17222222222222222
1,0.49583333333333335
2,0.11319444444444444
3,13.390277777777778
4,25.44097222222222
5,44.27847222222222
6,-66.39861111111111
1,0.5590277777777778
3,24.440277777777776
4,42.68125
7,-36.988194444444446
6,-2.0340277777777778
3,2.4819444444444443
4,20.57847222222222
5,0.11319444444444444
6,-17.066666666666666
1,0.42777777777777776
2,0.06041666666666667
6,10.036805555555556
3,0.47430555555555554
4,28.572916666666668
8,28.99861111111111
3,0.47291666666666665
4,25.46388888888889
6,-22.95
5,66.14097222222222
6,17.889583333333334
1,0.4173611111111111
7,0.95625
3,0.6256944444444444
6,0.7430555555555556
5,55.93263888888889
7,-27.102083333333333
9,9.83611111111111
4,-12.792361111111111
1,0.325
3,1.6743055555555555
6,0.29930555555555555
4,41.391666666666666
5,0.7319444444444444
1,0.21666666666666667
2,0.23125
3,2.551388888888889
6,0.31180555555555556
4,3.2569444444444446
9,29.906944444444445
1,0.39861111111111114
3,2.6006944444444446
4,13.550694444444444
6,-8.161111111111111
5,58.265972222222224
1,0.6875
3,36.35347222222222
6,0.49583333333333335
4,1.176388888888889
1,34.390972222222224
17,0.043055555555555555
4,1.0506944444444444
5,2.009027777777778
1,1.3159722222222223
3,0.6833333333333333
4,3.301388888888889
5,42.15902777777778
6,-44.141666666666666
6,0.8770833333333333
3,0.6513888888888889
5,18.504166666666666
4,-18.059722222222224
1,0.42777777777777776
2,0.02361111111111111
16,27.07777777777778
1,1.7048611111111112
3,3.2944444444444443
4,4.717361111111111
6,0.8
9,0.58125
1,0.37222222222222223
3,1.6270833333333334
6,0.7270833333333333
4,23.754166666666666
5,3.9784722222222224
1,0.4111111111111111
2,3.1444444444444444
3,13.44375
6,4.36875
4,21.164583333333333
1,0.6576388888888889
4,56.05833333333333
3,-20.675
6,-17.695833333333333
5,69.30833333333334
1,0.45208333333333334
2,0.04236111111111111
3,4.504861111111111
4,41.46388888888889
6,-40.97638888888889
2,0.06180555555555556
1,0.6729166666666667
6,30.916666666666668
1,0.7138888888888889
2,0.018055555555555554
4,37.77777777777778
3,-28.510416666666668
6,-0.5090277777777777
1,0.42430555555555555
2,0.07847222222222222
6,1.8923611111111112
3,0.6041666666666666
4,3.6506944444444445
9,57.86736111111111
5,0.2013888888888889
17,25.754166666666666
1,0.0
17,0.004166666666666667
6,7.356944444444444
3,7.145833333333333
5,40.74027777777778
4,-34.32361111111111
15,0.0
15,0.0
15,0.0
15,0.0
15,0.0
15,0.0
15,0.0
15,0.0
15,0.0
15,0.0
15,0.0
15,0.0
6,0.0
15,0.0020833333333333333
15,0.0
15,0.0
15,0.0
15,0.0
15,0.0
15,0.0
15,0.0
15,0.0
15,0.0
15,0.0
15,0.0
15,0.0
6,0.0
6,35.24791666666667
1,1.4631944444444445
8,14.123611111111112
4,28.96388888888889
3,-25.551388888888887
5,77.42083333333333
9,-38.678472222222226
6,-39.25833333333333
1,2.3881944444444443
3,0.6111111111111112
6,0.7034722222222223
4,13.924305555555556
2,0.0
6,14.292361111111111
1,0.3277777777777778
3,7.6715277777777775
4,53.513194444444444
3,-13.513194444444444
5,16.674305555555556
6,-51.33125
6,35.550694444444446
4,20.714583333333334
1,0.17708333333333334
2,0.23680555555555555
4,8.114583333333334
3,-0.5291666666666667
6,-3.5388888888888888
5,105.58055555555555
6,41.21944444444444
3,0.3715277777777778
4,49.61527777777778
1,0.3173611111111111
3,0.6819444444444445
6,0.73125
5,48.69166666666667
4,-15.63125
1,3.3986111111111112
2,0.018055555555555554
4,12.16875
3,-5.586111111111111
6,-0.49236111111111114
16,1.2125
2,0.06111111111111111
6,15.349305555555556
3,1.2243055555555555
4,5.521527777777778
3,8.414583333333333
6,2.482638888888889
4,30.056944444444444
1,0.32222222222222224
3,3.6770833333333335
4,36.28611111111111
6,-35.55486111111111
1,0.5458333333333333
4,105.92013888888889
3,-57.522222222222226
6,-1.63125
9,62.015972222222224
27,0.04236111111111111
28,0.0
29,0.0
30,0.0
31,0.0
1,0.0
32,0.0
6,3.120833333333333
15,0.0
5,0.18819444444444444
4,-0.13125
3,0.40347222222222223
3,17.0
6,3.4138888888888888
15,0.0
4,0.14444444444444443
5,11.14375
8,4.022916666666666
4,53.12361111111111
3,-41.61736111111111
6,-7.342361111111111
9,60.010416666666664
1,0.5618055555555556
7,0.9972222222222222
3,4.440277777777778
6,3.4125
4,31.35972222222222
5,39.269444444444446
1,0.41875
4,23.270138888888887
3,-13.689583333333333
6,-1.229861111111111
4,34.13194444444444
3,-12.621527777777779
6,-3.576388888888889
1,1.4034722222222222
2,0.015277777777777777
6,1.2041666666666666
3,1.3763888888888889
4,6.520833333333333
5,77.1763888888889
1,1.4548611111111112
2,0.027083333333333334
6,8.213888888888889
3,0.3034722222222222
4,3.4277777777777776
9,51.047916666666666
1,1.4541666666666666
4,24.98125
3,-6.436111111111111
6,-0.4076388888888889
19,1.007638888888889
17,0.40902777777777777
19,1.5986111111111112
17,3.0819444444444444
19,5.8909722222222225
17,1.2756944444444445
8,85.15555555555555
6,0.1875
1,0.68125
8,19.88888888888889
1,0.44027777777777777
16,0.10486111111111111
4,26.01875
3,-11.478472222222223
6,-0.5375
3,8.502083333333333
4,16.6625
5,41.75972222222222
6,-57.58888888888889
1,0.7236111111111111
6,7.960416666666666
1,0.19236111111111112
7,0.42430555555555555
2,0.9340277777777778
6,6.884027777777778
3,3.60625
4,3.467361111111111
1,0.19236111111111112
2,1.354861111111111
6,5.9319444444444445
3,1.520138888888889
4,4.569444444444445
6,22.834722222222222
6,12.34375
3,3.2868055555555555
5,19.647916666666667
9,-6.894444444444445
4,-2.296527777777778
1,0.3798611111111111
3,1.6194444444444445
6,1.4041666666666666
5,41.31527777777778
4,-26.915277777777778
1,0.4236111111111111
3,21.575694444444444
6,4.60625
4,9.022916666666667
5,70.06736111111111
1,0.6993055555555555
6,27.70486111111111
1,0.6395833333333333
7,34.736805555555556
6,44.19513888888889
4,92.53958333333334
5,0.17847222222222223
6,-92.71805555555555
15,0.0
15,0.0
15,0.0
6,0.001388888888888889
6,0.0
15,0.0
15,0.0
20,0.29583333333333334
3,21.76388888888889
6,-22.06111111111111
6,0.0
1,0.6319444444444444
17,2.0416666666666665
3,42.325694444444444
6,3.495138888888889
4,2.1083333333333334
16,0.01597222222222222
1,3.467361111111111
7,5.164583333333334
3,8.36736111111111
6,0.3506944444444444
5,64.36736111111111
4,-43.084722222222226
1,0.3736111111111111
3,3.6256944444444446
6,2.3944444444444444
5,63.26111111111111
9,-3.24375
4,-6.883333333333334
6,27.799305555555556
1,0.3819444444444444
3,39.61736111111111
4,1.4965277777777777
6,-0.9340277777777778
1,0.4326388888888889
3,14.608333333333333
6,0.5104166666666666
4,6.8284722222222225
9,35.99722222222222
3,11.45138888888889
4,19.713194444444444
5,35.709722222222226
6,-53.04236111111111
27,0.041666666666666664
28,0.0
29,0.0
30,0.0
31,0.0
32,0.0
1,0.0
3,1.3895833333333334
6,3.5520833333333335
5,44.102777777777774
4,-28.355555555555554
1,0.4236111111111111
2,0.027777777777777776
4,22.024305555555557
3,-14.47638888888889
6,-0.40347222222222223
9,49.87916666666667
14,1.0006944444444446
1,0.44930555555555557
2,0.24097222222222223
6,26.624305555555555
5,59.10625
4,-41.77638888888889
40,0.4875
1,0.001388888888888889
16,3.120833333333333
1,0.3263888888888889
6,5.402777777777778
3,0.2701388888888889
4,20.504166666666666
5,29.186805555555555
1,0.46944444444444444
6,14.109027777777778
3,0.42083333333333334
4,5.436111111111111
6,26.231944444444444
6,26.899305555555557
1,4.34375
4,41.33125
7,-29.98402777777778
3,7.308333333333334
6,-10.659722222222221
5,84.07916666666667
1,0.4701388888888889
16,4.013888888888889
1,0.5041666666666667
17,4.907638888888889
2,0.03958333333333333
4,13.045833333333333
3,-0.4979166666666667
6,-5.636111111111111
5,107.67777777777778
1,0.32916666666666666
3,3.670138888888889
4,23.677777777777777
5,30.93402777777778
9,-13.52361111111111
6,-38.65416666666667
1,0.36180555555555555
3,1.6375
4,33.62916666666667
6,-30.211111111111112
1,0.3611111111111111
3,4.638194444444444
4,0.38055555555555554
5,50.33819444444445
6,-50.40902777777778
1,1.4118055555555555
3,2.5875
5,20.69097222222222
6,-16.220833333333335
9,0.6736111111111112
4,-4.385416666666667
1,4.302083333333333
3,3.6972222222222224
4,2.279861111111111
5,43.72013888888889
6,-45.68402777777778
1,1.3270833333333334
3,0.6722222222222223
4,0.49166666666666664
6,1.8215277777777779
9,0.7756944444444445
5,14.292361111111111
1,0.6305555555555555
6,10.960416666666667
6,10.064583333333333
6,1.0652777777777778
3,17.477777777777778
4,12.442361111111111
6,-8.74375
17,0.02638888888888889
1,0.0
17,0.0006944444444444445
4,0.26180555555555557
3,5.24375
5,15.49375
1,0.22430555555555556
17,0.4375
2,0.07083333333333333
16,15.814583333333333
1,0.4340277777777778
6,7.052083333333333
3,12.513194444444444
5,35.71875
4,-27.195833333333333
1,0.86875
3,17.17222222222222
4,27.413194444444443
6,-21.897222222222222
5,50.15833333333333
1,0.45
3,12.549305555555556
6,1.542361111111111
4,41.0875
5,35.06875
1,0.38263888888888886
3,1.6166666666666667
6,3.3305555555555557
4,2.2847222222222223
5,43.38472222222222
1,0.19375
16,0.18611111111111112
1,0.6409722222222223
3,23.358333333333334
6,1.4666666666666666
5,41.18888888888889
9,-20.21388888888889
4,-16.959722222222222
1,0.33194444444444443
3,5.667361111111111
6,3.2840277777777778
4,10.188888888888888
5,10.205555555555556
1,1.586111111111111
6,8.04375
2,0.0
4,3.220833333333333
3,-1.5777777777777777
6,-0.35694444444444445
1,0.5361111111111111
3,25.463194444444444
4,6.594444444444444
6,-6.238888888888889
6,0.009722222222222222
1,0.48333333333333334
1,0.3173611111111111
3,12.723611111111111
4,6.43125
5,17.245833333333334
6,-22.948611111111113
6,17.91875
3,3.482638888888889
4,3.4902777777777776
5,27.186805555555555
3,2.6395833333333334
6,1.2965277777777777
4,24.115972222222222
5,31.30763888888889
3,3.65
4,27.669444444444444
6,-22.125
5,43.87638888888889
1,0.23125
3,12.768055555555556
4,3.573611111111111
6,-1.9354166666666666
4,55.06180555555556
3,-41.729166666666664
6,-8.402083333333334
3,17.577083333333334
4,9.511805555555556
6,-4.918055555555555
1,0.3506944444444444
6,27.38125
1,0.7138888888888889
2,0.017361111111111112
3,7.268055555555556
6,0.3326388888888889
4,3.1868055555555554
1,0.3145833333333333
3,1.6847222222222222
4,11.474305555555556
6,-9.74375
5,19.89027777777778
1,0.25416666666666665
1,0.41597222222222224
2,0.02361111111111111
6,3.225
3,0.3347222222222222
4,6.434722222222222
1,0.5034722222222222
3,33.49583333333333
6,1.5277777777777777
4,5.003472222222222
1,0.41875
3,20.622222222222224
6,3.604861111111111
5,53.39513888888889
4,-31.394444444444446
2,4.763194444444444
4,38.05625
3,-34.46666666666667
6,-0.5201388888888889
5,63.175694444444446
3,22.434722222222224
8,0.6152777777777778
6,1.7944444444444445
4,3.186111111111111
5,45.824305555555554
1,0.6729166666666667
6,31.947222222222223
3,0.42083333333333334
7,0.4527777777777778
4,31.049305555555556
1,0.6208333333333333
16,2.790277777777778
1,1.5638888888888889
4,5.003472222222222
15,-4.9875
6,0.0
5,43.420138888888886
1,6.495833333333334
4,8.79375
6,-5.643055555555556
5,28.072916666666668
1,0.5513888888888889
2,0.027083333333333334
4,41.05277777777778
3,-32.63194444444444
5,71.04166666666667
6,-30.325694444444444
9,0.42569444444444443
6,-41.65347222222222
1,0.6645833333333333
3,2.334722222222222
4,3.761111111111111
6,0.6145833333333334
9,0.7131944444444445
5,15.650694444444444
1,0.7548611111111111
3,12.244444444444444
4,20.540277777777778
6,-20.125694444444445
9,31.009722222222223
5,20.1875
1,1.4131944444444444
3,7.586111111111111
4,7.379166666666666
5,72.34027777777777
6,-78.03541666666666
1,2.357638888888889
15,0.0
15,0.0
15,0.0
15,0.0
4,3.9763888888888888
15,-3.975
15,0.0
15,0.0
15,0.0
15,0.0
15,0.0
15,0.0
15,0.0
5,17.320138888888888
15,-17.318055555555556
15,0.0
15,0.0
15,0.0
15,0.0
15,0.0
15,0.0
15,0.0
15,0.0
6,0.0
15,0.0020833333333333333
15,0.0
15,0.0
6,0.0
6,-0.005555555555555556
6,0.001388888888888889
4,15.76388888888889
3,-7.372916666666667
5,54.611805555555556
6,-55.072916666666664
3,37.39375
4,1.7180555555555554
9,5.770833333333333
6,13.518055555555556
1,0.3736111111111111
3,1.6256944444444446
6,0.7305555555555555
4,34.82013888888889
1,0.33125
3,2.6680555555555556
6,0.7305555555555555
5,54.924305555555556
4,-43.03194444444444
1,0.3784722222222222
3,2.620833333333333
4,17.40763888888889
6,-14.022222222222222
1,0.3861111111111111
3,5.613194444444445
4,6.643055555555556
5,36.77708333333333
6,-43.03680555555555
3,13.499305555555555
4,34.53402777777778
6,-30.04375
4,10.256944444444445
3,-3.6333333333333333
6,-3.321527777777778
5,28.783333333333335
4,36.06736111111111
3,-5.49375
6,-6.479166666666667
4,32.22083333333333
15,-32.19236111111111
3,10.592361111111112
6,-10.592361111111112
6,19.3875
6,0.0
15,0.0
6,0.0006944444444444445
15,0.0
6,0.0006944444444444445
15,0.0
8,52.83958333333333
8,0.034027777777777775
8,0.04583333333333333
8,2.8159722222222223
8,0.022222222222222223
8,0.05416666666666667
6,0.07291666666666667
6,1.0138888888888888
6,2.9097222222222223
6,5.972222222222222
1,0.37569444444444444
3,1.6236111111111111
6,0.7298611111111111
4,6.893055555555556
5,35.37708333333333
6,23.1875
1,0.37916666666666665
6,33.06180555555556
4,22.963194444444444
3,-8.459027777777777
6,-0.24166666666666667
6,0.0
15,0.0
1,0.1909722222222222
6,23.395833333333332
1,0.3729166666666667
4,2.079861111111111
3,-1.4534722222222223
6,-0.3798611111111111
5,29.056944444444444
1,1.4243055555555555
2,0.015277777777777777
4,12.052083333333334
3,-3.4923611111111112
6,-0.6951388888888889
3,15.293055555555556
4,26.669444444444444
6,-22.117361111111112
1,0.33611111111111114
3,1.6631944444444444
6,3.734722222222222
4,7.838888888888889
5,30.426388888888887
1,0.6604166666666667
4,55.80902777777778
3,-24.47013888888889
6,-0.15069444444444444
4,21.897916666666667
3,-16.399305555555557
6,-4.5993055555555555
2,0.0
4,27.221527777777776
3,-10.572222222222223
6,-9.529861111111112
17,33.141666666666666
17,4.732638888888889
17,25.09375
17,0.013888888888888888
17,28.122916666666665
17,0.03333333333333333
3,32.35347222222222
17,1.3847222222222222
1,0.0
17,0.04097222222222222
4,19.29861111111111
9,12.759722222222223
17,15.936111111111112
17,0.12916666666666668
17,19.102083333333333
17,0.1111111111111111
17,28.724305555555556
17,0.0006944444444444445
17,29.061805555555555
17,0.09305555555555556
1,0.4722222222222222
2,0.03125
6,1.1159722222222221
3,0.3798611111111111
4,21.347916666666666
9,43.28680555555555
5,13.081944444444444
1,2.4451388888888888
8,14.294444444444444
3,13.301388888888889
6,0.3763888888888889
5,65.29861111111111
9,-13.081944444444444
4,-45.06944444444444
1,0.19930555555555557
2,0.22152777777777777
4,5.301388888888889
3,-0.7229166666666667
6,-0.5493055555555556
1,2.7194444444444446
6,0.025694444444444443
5,24.69236111111111
4,-22.915277777777778
1,0.4166666666666667
3,5.582638888888889
6,1.3847222222222222
4,20.14236111111111
15,0.0
15,0.0
15,0.0
15,0.0
15,0.0
15,0.0
15,0.0
15,0.0
15,0.0
15,0.0
15,0.0
6,0.0
6,0.0
6,0.0
6,0.0
6,0.0
6,0.0
6,0.0
15,0.001388888888888889
15,0.0
15,0.0
15,0.0
15,0.0
15,0.0
6,0.0
6,0.0
15,0.0006944444444444445
15,0.0
15,0.0
15,0.0
15,0.0
15,0.0
15,0.0
15,0.0
15,0.0
15,0.0
15,0.0
15,0.0
15,0.0
15,0.0
6,0.0
6,0.0
6,0.0
6,0.0
6,0.0
6,0.0
6,0.0
6,0.0
6,0.0
6,0.0
6,0.0
6,0.0
6,0.0
15,0.0006944444444444445
15,0.0
15,0.0
15,0.0
15,0.0
15,0.0
15,0.0
15,0.0
15,0.0
15,0.0
15,0.0
6,0.0
6,0.0
6,0.0
6,0.0
6,0.0
6,0.0
6,0.0
6,0.0
15,0.0006944444444444445
15,0.0
15,0.0
15,0.0
15,0.0
15,0.0
15,0.0
15,0.0
6,0.0
6,0.0
6,0.0
15,0.001388888888888889
15,0.0
15,0.0
6,0.0
15,0.0006944444444444445
15,0.0
6,0.0
6,0.0798611111111111
11,3.5034722222222223
3,0.0
5,16.530555555555555
7,-0.058333333333333334
12,0.058333333333333334
4,-10.001388888888888
4,10.008333333333333
5,12.910416666666666
1,0.7465277777777778
3,23.294444444444444
4,20.616666666666667
8,-7.23125
5,51.614583333333336
6,-52.42638888888889
1,0.39444444444444443
3,3.604861111111111
6,0.7277777777777777
4,33.90555555555556
4,48.77361111111111
3,-39.49583333333333
6,-1.4958333333333333
1,0.44375
3,3.5555555555555554
6,0.55
5,76.87222222222222
4,-65.98541666666667
1,5.445833333333334
4,52.09236111111111
3,-40.53888888888889
6,-0.3861111111111111
6,6.156944444444444
1,0.4326388888888889
3,14.608333333333333
4,7.338888888888889
6,-6.8284722222222225
9,42.825694444444444
1,2.4402777777777778
4,19.113194444444446
3,-0.5541666666666667
6,-5.367361111111111
1,0.6861111111111111
6,18.804166666666667
1,0.31666666666666665
3,0.6826388888888889
4,26.580555555555556
6,-23.275694444444444
5,30.42222222222222
1,0.36944444444444446
6,3.022222222222222
3,-1.3923611111111112
4,-0.23680555555555555
9,15.33611111111111
5,41.61944444444445
1,2.3583333333333334
3,3.640972222222222
4,25.466666666666665
6,-21.009027777777778
4,8.056944444444444
3,-1.6777777777777778
6,-0.30069444444444443
5,45.72152777777778
1,2.6659722222222224
17,0.8923611111111112
3,43.44097222222222
4,5.6305555555555555
6,-2.1152777777777776
3,15.64236111111111
4,10.449305555555556
6,-1.1527777777777777
5,25.70347222222222
3,8.31875
4,38.52777777777778
5,31.12847222222222
6,-66.31944444444444
6,34.97569444444444
1,0.6270833333333333
2,20.846527777777776
3,7.5256944444444445
6,2.4784722222222224
4,0.9138888888888889
1,0.4111111111111111
2,3.1444444444444444
3,13.44375
4,25.533333333333335
6,-21.164583333333333
1,0.6451388888888889
3,15.354166666666666
6,0.31805555555555554
5,84.72361111111111
7,-50.57361111111111
9,0.0
4,-21.81388888888889
17,0.03333333333333333
1,0.45625
8,0.12569444444444444
3,25.459027777777777
4,0.6354166666666666
5,50.02013888888889
9,-20.21388888888889
6,-29.915277777777778
16,1.1041666666666667
1,0.6625
6,45.06805555555555
1,0.39444444444444443
3,13.646527777777777
6,6.510416666666667
4,-4.89375
9,5.486111111111111
1,1.3694444444444445
3,3.629861111111111
6,3.553472222222222
4,8.727777777777778
9,28.814583333333335
5,0.5597222222222222
3,1.6215277777777777
5,30.0
4,-29.524305555555557
9,0.6159722222222223
6,-0.36041666666666666
1,0.3388888888888889
3,3.660416666666667
4,21.50138888888889
6,-21.175694444444446
5,48.41388888888889
3,6.372222222222222
5,21.727777777777778
4,-21.16875
9,4.527777777777778
6,-0.3548611111111111
19,4.7243055555555555
17,0.004861111111111111
1,0.4708333333333333
3,17.570138888888888
4,37.71527777777778
6,-37.38472222222222
1,1.363888888888889
3,0.6354166666666666
6,0.7305555555555555
4,30.711111111111112
6,55.89652777777778
1,0.33194444444444443
3,0.6673611111111111
4,28.568055555555556
6,-26.825
5,58.25694444444444
1,2.6659722222222224
17,0.8923611111111112
3,43.44097222222222
4,5.6305555555555555
6,-2.1173611111111112
27,0.041666666666666664
28,0.0
29,0.0
30,0.0
31,0.0
1,0.0
32,0.0
3,9.459722222222222
6,4.88125
15,0.0
4,20.30625
2,0.0
4,32.231944444444444
3,-4.570833333333334
5,96.04166666666667
6,-122.55625
8,29.09513888888889
3,1.4027777777777777
4,4.393055555555556
6,-0.8694444444444445
5,93.17291666666667
1,0.7090277777777778
17,0.002777777777777778
2,0.018055555555555554
4,6.895138888888889
3,-4.625694444444444
6,-0.46805555555555556
3,8.421527777777778
6,0.39791666666666664
5,100.64375
4,-79.44027777777778
1,0.38680555555555557
3,8.6125
4,1.6201388888888888
6,6.791666666666667
9,0.6770833333333334
1,0.4798611111111111
7,5.847916666666666
3,16.67152777777778
6,3.6743055555555557
5,43.98125
4,-29.07777777777778
6,9.910416666666666
1,0.7125
3,15.286805555555556
4,5.559722222222222
6,-0.8909722222222223
5,107.02777777777777
20,1.0541666666666667
1,0.4576388888888889
8,16.938194444444445
4,34.27361111111111
3,-33.670138888888886
6,-0.6027777777777777
1,0.20069444444444445
3,22.79861111111111
4,6.649305555555555
6,-4.950694444444444
5,90.99861111111112
14,17.000694444444445
1,0.44375
2,0.09305555555555556
4,41.954166666666666
6,-28.954166666666666
1,0.5270833333333333
1,0.37569444444444444
4,34.386805555555554
3,-21.763194444444444
5,43.420833333333334
6,-49.68958333333333
6,0.0006944444444444445
3,10.561805555555555
4,27.538888888888888
6,-23.990277777777777
5,80.87430555555555
4,20.824305555555554
3,-4.24375
6,-8.584027777777777
5,114.62569444444445
1,0.7208333333333333
2,0.01875
6,41.59027777777778
3,9.440972222222221
4,40.52569444444445
5,38.515972222222224
9,-29.444444444444443
6,-45.225
1,1.1972222222222222
2,0.2569444444444444
6,3.0569444444444445
3,0.48819444444444443
5,98.04166666666667
4,-95.31319444444445
6,3.7625
3,3.6118055555555557
4,46.641666666666666
1,7.354166666666667
4,6.211805555555555
6,-4.221527777777778
5,22.115972222222222
1,2.801388888888889
6,71.64166666666667
1,0.1763888888888889
2,0.375
4,11.902083333333334
3,-6.454166666666667
6,-0.6
3,13.509027777777778
6,0.6583333333333333
5,114.03819444444444
9,-107.08611111111111
4,-5.116666666666666
1,0.36944444444444446
2,0.09166666666666666
4,48.204166666666666
3,-33.66597222222222
5,77.71666666666667
9,-13.081944444444444
6,-64.96388888888889
1,0.4388888888888889
6,16.029166666666665
3,0.53125
4,34.477777777777774
1,1.3486111111111112
3,1.6506944444444445
5,22.691666666666666
6,-21.959027777777777
9,0.36736111111111114
4,-0.49375
1,2.56875
3,13.430555555555555
4,6.454166666666667
6,-4.96875
1,0.7055555555555556
16,0.0006944444444444445
6,19.832638888888887
4,20.156944444444445
3,-3.654861111111111
6,-2.370833333333333
4,10.108333333333333
3,-0.48194444444444445
5,21.727777777777778
6,-22.146527777777777
1,69.725
8,5.998611111111111
6,43.78958333333333
6,0.0
6,0.0
6,0.0
8,14.909722222222221
3,7.618055555555555
8,3.36875
6,0.18611111111111112
6,0.0
6,0.0
6,0.0
6,0.0
4,0.09375
3,0.5104166666666666
4,42.69027777777778
6,-41.361805555555556
1,0.6819444444444445
1,0.5256944444444445
3,22.47361111111111
4,5.6722222222222225
6,-3.2368055555555557
9,38.040277777777774
40,0.4423611111111111
1,0.0
6,32.15347222222222
1,0.3090277777777778
3,0.6902777777777778
6,3.372916666666667
4,1.1479166666666667
5,15.1
1,0.42986111111111114
4,1.2986111111111112
3,0.2708333333333333
6,2.3381944444444445
9,0.7625
5,16.54722222222222
1,0.37569444444444444
3,0.6236111111111111
6,0.7340277777777777
5,62.984722222222224
4,-43.17916666666667
1,4.391666666666667
3,6.649305555555555
6,6.464583333333334
4,-4.820138888888889
9,5.458333333333333
1,0.3402777777777778
3,1.6590277777777778
4,4.493055555555555
6,-3.7604166666666665
5,19.84236111111111
1,0.5006944444444444
6,45.16111111111111
6,0.0006944444444444445
15,0.0
3,18.552083333333332
4,40.515277777777776
4,5.134027777777778
9,7.01875
1,0.40902777777777777
6,22.155555555555555
3,0.43472222222222223
4,10.551388888888889
1,0.5326388888888889
4,40.96458333333333
3,-0.45625
6,-0.43680555555555556
5,46.43680555555556
1,0.1763888888888889
2,0.37222222222222223
6,4.850694444444445
3,0.6
4,6.527083333333334
17,0.04652777777777778
1,0.6680555555555555
2,0.8319444444444445
6,2.1659722222222224
3,0.3333333333333333
5,68.71944444444445
4,-42.977777777777774
2,0.19444444444444445
4,35.78263888888889
3,-5.4375
6,-0.5173611111111112
1,0.3958333333333333
6,20.17361111111111
3,6.471527777777778
5,65.0
4,-36.375
1,0.34930555555555554
6,1.3770833333333334
3,0.27291666666666664
4,2.517361111111111
5,17.130555555555556
6,21.002777777777776
1,178.42638888888888
4,0.10833333333333334
5,3.040277777777778
6,-3.1326388888888888
1,1.3847222222222222
6,7.120833333333334
6,31.761111111111113
1,0.31180555555555556
3,5.6875
4,40.44722222222222
3,-19.447222222222223
5,35.674305555555556
6,-50.34652777777778
4,39.983333333333334
9,4.113194444444445
6,-28.000694444444445
5,48.18819444444444
1,0.4152777777777778
2,0.024305555555555556
3,1.5597222222222222
6,0.4791666666666667
6,1.225
3,3.2958333333333334
4,0.6673611111111111
4,1.025
2,0.0
6,7.154861111111111
3,5.508333333333334
5,96.04166666666667
4,-87.54791666666667
1,0.7006944444444444
13,46.78194444444444
13,0.12777777777777777
6,0.22430555555555556
6,22.347916666666666
3,11.347222222222221
6,2.4590277777777776
5,32.54097222222222
4,-30.613194444444446
3,6.513194444444444
6,3.3944444444444444
4,5.248611111111111
9,9.448611111111111
5,27.908333333333335
3,10.45138888888889
4,5.690972222222222
6,12.965972222222222
9,0.48819444444444443
1,1.5888888888888888
6,7.050694444444445
1,0.4909722222222222
4,20.1625
3,-3.654166666666667
6,-6.661111111111111
16,0.018055555555555554
16,1.1284722222222223
1,0.3715277777777778
3,1.6277777777777778
6,1.2840277777777778
4,25.40138888888889
5,31.314583333333335
6,13.018055555555556
1,0.4777777777777778
3,18.521527777777777
4,30.540277777777778
6,-27.98402777777778
9,31.855555555555554
1,0.4215277777777778
2,0.018055555555555554
6,4.291666666666667
3,1.2680555555555555
4,1.6548611111111111
1,0.6777777777777778
6,31.824305555555554
1,1.3215277777777779
3,1.6777777777777778
4,33.59583333333333
5,24.144444444444446
6,-56.37222222222222
3,5.135416666666667
4,8.646527777777777
6,-8.23263888888889
9,14.1
1,0.5118055555555555
8,32.11527777777778
8,3.798611111111111
6,0.001388888888888889
4,14.9375
3,-6.639583333333333
6,-0.4361111111111111
5,50.856944444444444
1,0.5270833333333333
1,0.3701388888888889
6,8.276388888888889
6,0.005555555555555556
3,0.3472222222222222
4,0.5743055555555555
5,21.153472222222224
6,39.05694444444445
1,1.6069444444444445
6,28.851388888888888
1,0.37430555555555556
6,3.354861111111111
3,0.2701388888888889
5,51.739583333333336
4,-28.056944444444444
1,3.4277777777777776
6,14.194444444444445
3,1.41875
4,26.58888888888889
2,0.8222222222222222
3,15.63125
4,4.476388888888889
6,-3.884027777777778
9,13.963194444444444
1,0.20555555555555555
2,0.21944444444444444
6,2.004861111111111
3,1.5694444444444444
4,0.5104166666666666
4,20.947222222222223
3,-4.355555555555555
6,-8.427083333333334
5,114.46875
1,0.4395833333333333
3,10.559722222222222
4,10.411111111111111
3,-6.411111111111111
6,-1.4236111111111112
5,45.84652777777778
5,0.0
1,0.33055555555555555
3,3.66875
4,25.410416666666666
6,-22.840972222222224
9,24.51875
1,0.33194444444444443
3,1.667361111111111
6,5.7444444444444445
4,3.839583333333333
5,9.063888888888888
1,0.40555555555555556
6,4.199305555555555
3,0.39444444444444443
4,0.4875
5,22.160416666666666
1,0.3840277777777778
3,0.6152777777777778
4,21.73125
6,-20.347916666666666
5,84.65833333333333
1,1.4458333333333333
2,0.025694444444444443
6,1.9868055555555555
3,0.5409722222222222
5,83.71666666666667
9,-13.081944444444444
4,-65.03472222222223
19,4.7243055555555555
17,0.004861111111111111
3,1.5444444444444445
6,0.6222222222222222
5,84.09652777777778
4,-58.06180555555556
1,1.3694444444444445
3,1.6298611111111112
6,0.73125
4,20.895833333333332
5,30.372916666666665
1,1.7097222222222221
6,8.839583333333334
1,0.36944444444444446
4,1.3944444444444444
3,0.23541666666666666
6,0.7354166666666667
9,0.3701388888888889
5,43.894444444444446
1,0.41458333333333336
6,6.988194444444445
1,0.3215277777777778
3,0.6777777777777778
4,4.531944444444444
6,-3.247916666666667
5,20.393055555555556
1,0.375
3,1.6243055555555554
4,10.499305555555555
6,-9.76875
5,19.99652777777778
1,0.7270833333333333
6,29.186805555555555
1,0.5375
3,24.461805555555557
6,3.5416666666666665
3,6.458333333333333
4,0.5680555555555555
5,44.15208333333333
5,7.7027777777777775
1,0.40902777777777777
3,41.63194444444444
6,1.5618055555555554
4,4.139583333333333
9,1.3944444444444444
1,0.42777777777777776
3,18.613194444444446
4,34.72986111111111
6,-34.22569444444444
1,0.3729166666666667
2,1.0638888888888889
3,13.5625
6,3.5770833333333334
4,27.940277777777776
2,0.1326388888888889
3,14.432638888888889
4,2.4625
6,-2.1444444444444444
3,1.5881944444444445
6,9.553472222222222
4,7.034722222222222
1,0.3159722222222222
4,9.277777777777779
3,-6.594444444444444
6,-0.26944444444444443
9,23.679166666666667
5,17.264583333333334
1,0.44375
3,15.555555555555555
6,3.720833333333333
5,92.97638888888889
4,-77.28055555555555
1,1.3847222222222222
4,22.273611111111112
3,-19.659027777777776
6,-0.26805555555555555
5,51.268055555555556
6,44.00972222222222
4,50.43263888888889
6,-50.43263888888889
6,0.0
6,0.0
15,0.0
15,0.0
15,0.0
15,0.0
3,9.020138888888889
6,-9.020138888888889
8,0.8013888888888889
17,4.313194444444444
1,0.5930555555555556
10,0.008333333333333333
16,1.073611111111111
22,5.8694444444444445
6,4.704861111111111
1,0.4166666666666667
8,11.254166666666666
3,18.32847222222222
6,2.428472222222222
6,0.00625
20,0.0
6,0.0006944444444444445
4,9.959722222222222
5,77.30069444444445
1,0.37916666666666665
4,24.183333333333334
3,-17.563194444444445
6,-0.25555555555555554
3,19.431944444444444
6,1.6152777777777778
5,64.04097222222222
4,-29.04513888888889
6,6.240277777777778
3,1.19375
4,5.475694444444445
1,0.3736111111111111
3,3.6256944444444446
4,55.52847222222222
5,10.127083333333333
9,-3.24375
6,-60.017361111111114
4,14.005555555555556
3,-2.421527777777778
5,19.647916666666667
6,-20.976388888888888
6,0.0
15,0.0
6,0.0006944444444444445
6,0.0
6,0.0
15,0.0
15,0.0
15,0.0
6,0.0006944444444444445
6,0.0
6,0.0
6,0.0
6,0.0
6,0.0
6,0.0
6,0.0
6,0.0
15,0.0
15,0.0
15,0.0
15,0.0
15,0.0
15,0.0
15,0.0
15,0.0
15,0.0
6,0.0006944444444444445
6,0.0
6,0.0
6,0.0
6,0.0
6,0.0
6,0.0
15,0.0
15,0.0
15,0.0
15,0.0
15,0.0
15,0.0
15,0.0
6,0.0006944444444444445
6,0.0
6,0.0
6,0.0
15,0.0
15,0.0
15,0.0
15,0.0
15,0.0
6,0.0006944444444444445
6,0.0
6,0.0
15,0.0
15,0.0
15,0.0
15,0.0
6,0.0006944444444444445
6,0.0
6,0.0
15,0.0
15,0.0
15,0.0
15,0.0
15,0.0
6,0.0006944444444444445
6,0.0
6,0.0
15,0.0
15,0.0
15,0.0
6,0.0006944444444444445
6,0.0
6,0.0
6,0.0
6,0.0
6,0.0
6,0.0
15,0.0
15,0.0
15,0.0
15,0.0
15,0.0
15,0.0
15,0.0
6,0.0006944444444444445
6,0.0
6,0.0
6,0.0
6,0.0
15,0.0
15,0.0
15,0.0
15,0.0
15,0.0
6,0.0006944444444444445
6,0.0
6,0.0
6,0.0
6,0.0
6,0.0
15,0.0
15,0.0
15,0.0
15,0.0
15,0.0
15,0.0
6,0.0006944444444444445
6,0.0
6,0.0
6,0.0
6,0.0
6,0.0
15,0.0
15,0.0
15,0.0
15,0.0
15,0.0
15,0.0
6,0.0006944444444444445
6,0.0
15,0.0
15,0.0
6,0.0006944444444444445
6,0.0
15,0.0
15,0.0
6,0.0006944444444444445
6,0.0
15,0.0
15,0.0
15,0.0
6,0.0006944444444444445
6,0.0
6,0.0
15,0.0
15,0.0
15,0.0
20,0.5381944444444444
20,0.001388888888888889
20,0.015277777777777777
20,0.004861111111111111
1,0.31527777777777777
7,0.10833333333333334
3,0.5756944444444444
4,23.62847222222222
6,-22.897916666666667
5,50.00833333333333
1,0.3909722222222222
3,3.6083333333333334
6,0.42569444444444443
5,48.99444444444445
9,-16.28611111111111
4,-29.523611111111112
4,29.052083333333332
3,-7.688194444444444
6,-13.488888888888889
6,5.834027777777778
20,0.0
6,0.001388888888888889
3,1.554861111111111
5,19.575
4,-16.960416666666667
9,1.1298611111111112
6,-0.33125
6,0.0
6,0.0
15,0.0
15,0.0
6,15.270138888888889
3,4.198611111111111
5,102.04166666666667
4,-100.33402777777778
1,0.46875
6,13.942361111111111
6,1.2270833333333333
1,0.3861111111111111
4,64.31944444444444
3,-19.664583333333333
6,-29.441666666666666
1,1.3368055555555556
3,0.6625
4,23.529166666666665
5,49.18958333333333
6,-71.40972222222223
1,0.38333333333333336
4,6.323611111111111
3,0.2923611111111111
6,0.7034722222222223
9,0.38680555555555557
6,28.08888888888889
3,7.446527777777778
4,1.7381944444444444
1,0.5618055555555556
3,3.4375
6,1.3277777777777777
5,57.327083333333334
4,-43.06666666666667
40,0.4548611111111111
1,0.001388888888888889
6,27.898611111111112
1,0.3763888888888889
3,2.622916666666667
6,0.5125
4,13.080555555555556
1,0.19583333333333333
2,0.2972222222222222
6,21.127083333333335
3,0.37916666666666665
5,68.71666666666667
9,-13.081944444444444
4,-43.02638888888889
1,0.6048611111111111
2,0.10694444444444444
4,21.854861111111113
3,-14.567361111111111
6,-1.4395833333333334
5,58.17986111111111
4,16.086111111111112
3,-12.519444444444444
6,-3.5208333333333335
1,0.44305555555555554
6,10.95486111111111
3,23.643055555555556
5,65.0
9,-28.53263888888889
4,-36.00347222222222
1,1.698611111111111
6,12.871527777777779
3,1.4291666666666667
4,35.46319444444445
1,0.38472222222222224
7,6.94375
3,1.6708333333333334
4,35.61875
6,-31.185416666666665
1,0.48680555555555555
3,4.5125
5,43.71875
4,-43.24305555555556
9,6.613194444444445
6,-4.513888888888889
4,25.250694444444445
3,-3.6527777777777777
6,-6.6618055555555555
9,14.103472222222223
1,0.44722222222222224
2,0.04236111111111111
3,4.509722222222222
6,0.3875
4,6.176388888888889
9,30.911805555555556
1,0.3472222222222222
3,2.652083333333333
6,0.7319444444444444
4,48.96458333333333
5,12.959027777777777
3,10.597222222222221
6,0.6993055555555555
5,20.002777777777776
4,-7.239583333333333
1,1.632638888888889
6,15.818055555555556
3,0.5486111111111112
4,25.56388888888889
1,0.19930555555555557
2,0.25625
3,1.54375
4,11.609722222222222
6,-9.158333333333333
1,0.3298611111111111
3,0.6694444444444444
4,39.58125
5,24.094444444444445
9,-6.251388888888889
6,-56.02986111111111
6,8.044444444444444
3,2.5229166666666667
4,2.7395833333333335
5,95.30208333333333
1,0.39375
5,28.117361111111112
3,-26.511805555555554
6,5.419444444444444
9,0.6694444444444444
4,-6.339583333333334
1,0.4666666666666667
16,20.318055555555556
1,0.4513888888888889
2,2.1979166666666665
6,17.92013888888889
1,5.339583333333334
3,4.659722222222222
6,3.472916666666667
4,0.2722222222222222
5,37.67777777777778
4,28.96388888888889
3,-3.3229166666666665
5,30.656944444444445
6,-34.30486111111111
3,13.629861111111111
6,0.6381944444444444
6,0.002777777777777778
6,0.002777777777777778
6,0.002777777777777778
6,0.003472222222222222
6,0.001388888888888889
6,0.0006944444444444445
6,0.001388888888888889
6,0.001388888888888889
6,0.0125
6,0.001388888888888889
6,0.009027777777777777
6,0.0006944444444444445
6,0.001388888888888889
6,0.0006944444444444445
6,0.001388888888888889
6,0.0006944444444444445
6,0.003472222222222222
6,0.0006944444444444445
6,0.004166666666666667
6,0.001388888888888889
6,0.001388888888888889
6,0.0006944444444444445
6,0.5791666666666667
6,0.0006944444444444445
6,0.03333333333333333
6,0.004861111111111111
6,0.003472222222222222
6,0.0020833333333333333
6,0.002777777777777778
5,56.334722222222226
4,-34.33819444444445
6,26.988194444444446
1,1.4465277777777779
3,24.552777777777777
4,5.652083333333334
6,-2.020138888888889
6,19.25625
2,1.9666666666666666
4,26.091666666666665
3,-0.75625
6,-0.5138888888888888
1,0.6298611111111111
6,48.22083333333333
6,0.7881944444444444
3,16.56111111111111
4,13.578472222222222
6,-9.188888888888888
1,0.37083333333333335
3,20.62847222222222
4,12.48263888888889
6,-7.902777777777778
5,94.11736111111111
1,0.3159722222222222
3,2.683333333333333
4,5.468055555555556
5,42.99166666666667
9,-41.36805555555556
6,-3.698611111111111
1,0.3375
16,0.06666666666666667
1,0.6027777777777777
4,26.0875
3,-10.456944444444444
6,-3.2868055555555555
9,16.040277777777778
5,6.894444444444445
6,1.65625
3,0.6416666666666667
5,38.66736111111111
4,-34.15208333333333
1,0.3451388888888889
3,0.6541666666666667
5,21.727083333333333
6,-16.995833333333334
9,0.35555555555555557
4,-4.384722222222222
1,1.363888888888889
3,1.6354166666666667
6,1.3909722222222223
4,26.216666666666665
9,34.49305555555556
5,2.553472222222222
16,1.1284722222222223
1,0.3125
3,1.6868055555555554
6,0.7319444444444444
4,28.82847222222222
1,1.5125
17,0.075
5,26.772916666666667
4,-26.69097222222222
1,0.21666666666666667
2,0.20347222222222222
3,12.579166666666667
3,1.0
4,92.52986111111112
6,-92.20902777777778
6,-0.007638888888888889
4,92.30555555555556
4,21.035416666666666
15,-21.024305555555557
3,15.627083333333333
6,-15.627083333333333
5,84.34722222222223
6,30.997916666666665
1,1.3083333333333333
2,0.1423611111111111
4,11.197222222222223
3,-4.648611111111111
6,-0.49930555555555556
1,0.8020833333333334
4,11.830555555555556
3,-3.6333333333333333
6,-1.679861111111111
4,5.313888888888889
13,2.04375
1,0.58125
6,4.922916666666667
3,0.4951388888888889
4,35.729166666666664
9,19.68263888888889
2,0.19166666666666668
3,27.34513888888889
4,2.4590277777777776
6,-0.825
4,24.900694444444444
3,-7.246527777777778
6,-2.620138888888889
1,4.623611111111111
6,21.023611111111112
1,0.21041666666666667
16,10.46111111111111
3,3.5652777777777778
4,19.650694444444444
5,30.349305555555556
6,-49.321527777777774
4,24.98402777777778
3,-5.347222222222222
6,-13.640972222222222
3,7.342361111111111
4,29.270138888888887
6,-28.644444444444446
1,0.5618055555555556
3,3.4375
4,15.588194444444444
6,-14.260416666666666
5,57.327083333333334
1,0.3625
4,26.108333333333334
3,-8.471527777777778
6,-3.2729166666666667
1,0.6361111111111111
6,17.956944444444446
3,0.4479166666666667
4,0.3784722222222222
9,28.957638888888887
6,16.95138888888889
3,0.45902777777777776
4,0.4548611111111111
5,45.545138888888886
1,0.39791666666666664
3,1.601388888888889
6,0.6743055555555556
4,17.735416666666666
6,19.064583333333335
3,0.45416666666666666
4,1.7381944444444444
3,2.4256944444444444
6,0.7298611111111111
5,61.99027777777778
9,-16.040277777777778
4,-0.08541666666666667
1,0.39375
7,0.3138888888888889
8,0.0
2,0.0006944444444444445
3,8.290972222222223
4,28.53263888888889
6,-28.014583333333334
5,49.90138888888889
1,2.6006944444444446
8,1.0118055555555556
3,43.386805555555554
4,5.6090277777777775
6,-2.0722222222222224
1,0.4111111111111111
2,3.1444444444444444
3,13.44375
6,4.36875
4,21.164583333333333
3,0.5826388888888889
4,18.49652777777778
6,-15.006944444444445
5,115.55208333333333
1,0.3548611111111111
7,0.13194444444444445
6,2.859027777777778
2,0.0
4,21.102083333333333
3,-5.455555555555556
6,-8.536111111111111
6,10.014583333333333
3,1.4979166666666666
4,5.55
1,0.37222222222222223
4,28.379166666666666
3,-25.752083333333335
6,-0.25625
5,57.25625
1,0.7215277777777778
2,0.018055555555555554
6,12.74375
3,0.5159722222222223
4,0.7201388888888889
1,0.21736111111111112
3,8.781944444444445
4,9.519444444444444
6,-6.9847222222222225
9,37.94097222222222
4,22.030555555555555
3,-20.408333333333335
6,-0.5506944444444445
2,1.9666666666666666
6,24.821527777777778
3,0.5138888888888888
4,0.75625
3,10.276388888888889
4,6.354166666666667
6,-5.9125
9,34.03194444444444
1,0.5527777777777778
6,2.863888888888889
3,0.5826388888888889
4,25.479861111111113
5,44.94027777777778
1,0.1763888888888889
2,0.3770833333333333
6,4.845833333333333
3,0.6
4,6.4534722222222225
4,0.07430555555555556
1,0.5041666666666667
17,4.907638888888889
2,0.041666666666666664
6,6.907638888888889
3,5.638194444444444
5,102.04166666666667
4,-101.54375
1,0.5027777777777778
6,15.032638888888888
2,1.0118055555555556
4,15.236805555555556
3,-0.7111111111111111
6,-0.3798611111111111
9,7.827083333333333
3,2.6375
6,3.5375
5,30.074305555555554
4,-6.309027777777778
1,0.3763888888888889
3,3.622916666666667
4,45.708333333333336
5,42.333333333333336
6,-87.52291666666666
1,0.38055555555555554
3,3.61875
6,2.316666666666667
4,30.278472222222224
5,22.131944444444443
6,7.034027777777778
4,1.3034722222222221
3,0.3
5,6.6722222222222225
1,0.2722222222222222
2,0.2423611111111111
6,3.852777777777778
3,7.631944444444445
5,102.04166666666667
4,-101.66111111111111
1,0.5819444444444445
8,31.146527777777777
6,31.752777777777776
13,2.98125
3,3.6145833333333335
6,3.55
4,51.983333333333334
5,28.508333333333333
1,0.3298611111111111
3,13.669444444444444
4,24.570138888888888
6,-22.133333333333333
1,0.4479166666666667
2,0.2048611111111111
3,0.34652777777777777
4,37.55277777777778
6,-9.973611111111111
1,0.3638888888888889
8,0.0125
11,15.622916666666667
3,0.0
3,1.0
6,2.33125
6,0.11597222222222223
6,0.005555555555555556
6,0.06180555555555556
6,0.0006944444444444445
6,0.05555555555555555
6,0.001388888888888889
4,21.091666666666665
5,9.998611111111112
4,7.6625
5,3.3444444444444446
12,0.0
4,2.1125
9,5.929861111111111
5,1.9194444444444445
1,0.41041666666666665
2,0.10277777777777777
16,21.00138888888889
3,8.554166666666667
6,0.46458333333333335
5,42.27569444444445
4,-24.310416666666665
6,9.609027777777778
3,9.881944444444445
5,56.65694444444444
4,-28.052777777777777
1,0.43819444444444444
2,0.03194444444444444
3,3.529166666666667
4,4.458333333333333
6,-4.135416666666667
9,55.15277777777778
1,1.5444444444444445
2,0.8520833333333333
3,19.602777777777778
4,9.748611111111112
6,-8.033333333333333
1,0.40555555555555556
6,13.202777777777778
3,7.432638888888889
4,62.56805555555555
9,4.84375
1,0.31875
6,2.0527777777777776
3,0.6277777777777778
5,47.65694444444444
4,-10.198611111111111
2,0.0
8,0.9930555555555556
6,0.0
3,0.4534722222222222
4,12.418055555555556
2,4.010416666666667
6,17.106944444444444
3,0.3840277777777778
4,3.589583333333333
6,21.95277777777778
3,0.5631944444444444
4,4.718055555555556
4,44.86944444444445
3,-27.602777777777778
6,-1.586111111111111
1,0.33819444444444446
7,0.006944444444444444
6,1.4215277777777777
1,0.3972222222222222
4,105.14375
3,-63.5
6,-0.3819444444444444
1,0.36736111111111114
6,2.377083333333333
3,-0.7451388888888889
4,-0.2125
9,1.3083333333333333
5,35.90416666666667
1,0.31666666666666665
3,4.682638888888889
4,23.494444444444444
6,-23.059722222222224
1,4.601388888888889
4,15.015972222222222
6,-14.304166666666667
5,29.147222222222222
1,2.50625
1,0.45416666666666666
6,6.872222222222222
3,-1.3270833333333334
4,-0.26319444444444445
9,2.359027777777778
5,13.504166666666666
1,0.4534722222222222
6,29.01736111111111
3,5.528472222222222
4,1.7361111111111112
1,0.36736111111111114
3,18.631944444444443
6,1.3145833333333334
5,43.34027777777778
4,-42.90833333333333
1,2.6125
6,8.047916666666667
3,0.3388888888888889
4,42.790277777777774
5,34.90625
1,6.495833333333334
4,8.79375
6,-5.643055555555556
5,28.072916666666668
1,0.2423611111111111
3,16.756944444444443
4,5.672916666666667
5,84.04375
9,-13.081944444444444
6,-74.03680555555556
1,0.5583333333333333
3,16.44097222222222
6,2.4618055555555554
4,17.211111111111112
1,0.40902777777777777
2,0.08402777777777778
3,4.50625
4,7.626388888888889
6,-5.190277777777778
5,48.303472222222226
1,0.7006944444444444
6,45.232638888888886
1,0.3229166666666667
3,1.676388888888889
5,56.71875
6,-51.361111111111114
9,0.7451388888888889
4,-1.7145833333333333
1,0.3923611111111111
3,0.6069444444444444
4,22.61875
6,-21.322222222222223
5,83.42222222222222
1,1.7048611111111112
7,0.0006944444444444445
6,8.868055555555555
3,2.4256944444444444
4,4.595138888888889
1,0.5805555555555556
1,1.3625
6,2.9555555555555557
3,-1.31875
4,-0.2
9,2.2958333333333334
1,0.1840277777777778
2,0.2569444444444444
4,5.188194444444444
3,-0.6298611111111111
6,-0.4284722222222222
9,43.90416666666667
1,0.19236111111111112
2,0.5333333333333333
6,3.6972222222222224
3,0.5763888888888888
4,8.434027777777779
1,20.643055555555556
17,0.004861111111111111
5,1.8458333333333334
4,-1.0291666666666666
1,6.810416666666667
6,16.99652777777778
3,0.23402777777777778
4,41.325694444444444
3,1.4916666666666667
6,0.275
4,4.148611111111111
5,21.080555555555556
17,0.013888888888888888
1,0.19236111111111112
7,0.42430555555555555
2,0.9326388888888889
6,6.884722222222222
3,3.6069444444444443
4,3.473611111111111
1,0.37222222222222223
3,1.6270833333333334
4,24.48125
6,-23.754166666666666
5,27.73263888888889
6,0.0
6,0.0
6,0.0
6,0.0
6,0.0
15,0.0
15,0.0
15,0.0
15,0.0
15,0.0
20,6.770138888888889
20,0.0
1,2.6555555555555554
4,15.090277777777779
3,-2.7465277777777777
6,-0.5638888888888889
3,14.600694444444445
4,3.7090277777777776
6,0.02361111111111111
9,0.3645833333333333
5,16.643055555555556
1,30.604166666666668
3,23.395138888888887
6,3.404861111111111
4,2.20625
1,0.63125
3,13.368055555555555
8,2.5034722222222223
6,0.049305555555555554
4,52.84583333333333
9,2.3569444444444443
1,0.3638888888888889
3,25.677083333333332
4,35.56388888888889
6,-33.21736111111111
9,35.09513888888889
1,0.41805555555555557
3,15.58125
4,8.321527777777778
5,63.397222222222226
9,-59.13333333333333
6,-10.10625
1,0.19583333333333333
2,0.2513888888888889
4,19.043055555555554
3,-13.490972222222222
6,-0.47708333333333336
1,0.33125
3,0.6680555555555555
4,3.40625
6,0.175
9,1.5152777777777777
5,14.630555555555556
1,14.79861111111111
16,28.913888888888888
1,0.3541666666666667
3,2.645138888888889
6,2.729861111111111
3,24.311805555555555
11,0.0
4,6.590972222222222
12,13.790972222222223
9,0.7069444444444445
4,3.2416666666666667
5,3.3465277777777778
5,7.701388888888889
4,22.05
3,-14.620138888888889
5,58.0
9,-29.444444444444443
6,-29.064583333333335
1,0.37916666666666665
3,6.6618055555555555
6,0.6354166666666666
5,66.36458333333333
4,-25.492361111111112
3,1.63125
4,32.62916666666667
5,15.090972222222222
6,-44.43055555555556
1,0.3729166666666667
3,0.6263888888888889
4,39.666666666666664
5,23.75486111111111
6,-62.68402777777778
1,0.41458333333333336
6,42.03680555555555
3,3.589583333333333
4,35.578472222222224
9,2.8631944444444444
1,0.4027777777777778
3,0.5965277777777778
4,13.424305555555556
6,-8.868055555555555
5,37.18402777777778
1,0.3729166666666667
3,1.6263888888888889
6,1.7326388888888888
5,40.986111111111114
4,-29.052083333333332
8,4.01875
6,7.221527777777778
1,18.323611111111113
17,0.03888888888888889
4,2.154861111111111
1,0.4375
2,0.043055555555555555
6,1.1395833333333334
3,0.37916666666666665
5,85.71944444444445
13,-56.25972222222222
13,0.90625
9,55.15208333333333
4,-63.114583333333336
1,1.6069444444444445
1,0.40555555555555556
3,8.59375
6,0.43819444444444444
4,35.134027777777774
8,4.945833333333334
6,12.174305555555556
1,0.3784722222222222
3,1.6208333333333333
4,10.73263888888889
6,-10.215972222222222
5,76.20277777777778
1,0.32916666666666666
6,3.401388888888889
3,1.26875
4,0.7319444444444444
5,22.646527777777777
1,0.4395833333333333
3,2.5597222222222222
4,26.691666666666666
6,-20.21875
5,42.94861111111111
1,0.7270833333333333
6,27.81388888888889
6,2.9618055555555554
3,1.4701388888888889
4,26.536805555555556
5,28.20277777777778
1,0.6576388888888889
7,6.850694444444445
3,18.490972222222222
4,3.411111111111111
6,0.13472222222222222
9,0.5430555555555555
1,0.3055555555555556
6,4.425
3,-0.73125
4,-0.21180555555555555
9,1.3097222222222222
4,31.01597222222222
3,-16.48472222222222
6,-0.5152777777777777
1,0.6055555555555555
3,12.435416666666667
6,6.459722222222222
4,28.10972222222222
1,1.3888888888888888
3,1.6520833333333333
4,2.2708333333333335
6,-1.538888888888889
9,6.708333333333333
5,22.236805555555556
1,0.6618055555555555
6,8.848611111111111
3,0.4888888888888889
5,118.69652777777777
4,-112.20972222222223
1,0.6548611111111111
2,0.004861111111111111
3,25.339583333333334
4,23.478472222222223
3,-13.478472222222223
6,-9.547916666666667
4,24.118055555555557
3,1.3743055555555554
4,18.644444444444446
5,100.39722222222223
6,-115.55069444444445
1,0.3715277777777778
3,1.6277777777777778
4,8.69513888888889
6,-7.278472222222222
5,20.961805555555557
1,0.32916666666666666
16,2.2381944444444444
1,0.4625
3,1.5368055555555555
4,26.643055555555556
5,8.019444444444444
6,-23.238194444444446
4,26.216666666666665
3,-14.652777777777779
6,-4.569444444444445
5,41.950694444444444
6,19.830555555555556
1,0.41805555555555557
7,16.9125
6,21.30625
3,11.3625
4,1.6895833333333334
1,0.4513888888888889
2,0.22916666666666666
6,3.888888888888889
3,0.42986111111111114
4,9.609722222222222
9,40.865972222222226
1,0.9236111111111112
2,0.7333333333333333
4,62.12777777777778
3,-50.78541666666667
6,-0.5347222222222222
5,95.57638888888889
1,0.41875
2,0.014583333333333334
6,12.884027777777778
1,0.20625
3,13.793055555555556
4,6.456944444444445
6,-3.7263888888888888
9,13.825
1,0.7125
3,15.286805555555556
6,0.3145833333333333
5,111.38194444444444
9,-101.11111111111111
4,-5.027777777777778
1,0.5055555555555555
17,0.020833333333333332
2,0.019444444444444445
4,5.954166666666667
3,-1.5006944444444446
5,78.71944444444445
9,-63.238194444444446
6,-15.850694444444445
1,8.397222222222222
6,11.229861111111111
1,0.4722222222222222
2,3.9541666666666666
6,17.886805555555554
6,40.98125
1,0.33055555555555555
3,5.710416666666666
6,2.7291666666666665
5,20.89236111111111
4,-20.37152777777778
1,0.6444444444444445
2,0.024305555555555556
6,28.975
6,0.03194444444444444
6,8.16875
1,0.3875
3,3.6118055555555557
6,1.7333333333333334
4,25.833333333333332
5,17.854861111111113
6,0.0
1,2.4444444444444446
1,0.3729166666666667
3,3.626388888888889
4,4.411111111111111
6,-0.9076388888888889
5,32.49652777777778
6,0.0
15,0.0
3,7.447222222222222
4,15.509722222222223
5,29.146527777777777
6,-43.15763888888889
1,1.4506944444444445
2,4.177777777777778
4,29.002083333333335
3,-20.589583333333334
6,-1.492361111111111
5,66.49236111111111
1,0.38055555555555554
13,2.067361111111111
1,2.3756944444444446
3,25.62361111111111
4,1.5395833333333333
6,-0.975
7,0.004861111111111111
17,0.011111111111111112
7,8.827083333333333
3,9.491666666666667
4,13.655555555555555
6,-13.176388888888889
5,42.98125
1,0.37916666666666665
3,8.661805555555556
4,1.7402777777777778
5,20.88125
6,-21.88888888888889
1,0.6909722222222222
16,42.91041666666667
1,0.6319444444444444
6,20.949305555555554
1,0.35208333333333336
3,4.647222222222222
4,28.570138888888888
6,-27.831944444444446
4,10.76736111111111
3,-2.484722222222222
5,49.611805555555556
6,-49.99861111111111
1,0.3958333333333333
3,16.603472222222223
4,11.665277777777778
6,-7.20625
15,0.0
15,0.0
15,0.0
15,0.0
15,0.0
15,0.0
15,0.0
15,0.0
15,0.0
15,0.0
15,0.0
15,0.0
15,0.0
15,0.0
15,0.0
15,0.0
15,0.0
6,0.0
15,0.0006944444444444445
15,0.0
15,0.0
15,0.0
15,0.0
15,0.0
15,0.0
15,0.0
15,0.0
15,0.0
15,0.0
15,0.0
15,0.0
6,0.0
15,0.001388888888888889
15,0.0
15,0.0
15,0.0
15,0.0
15,0.0
15,0.0
15,0.0
15,0.0
15,0.0
15,0.0
6,0.0
3,11.60763888888889
4,33.51875
6,-31.200694444444444
5,48.40138888888889
2,0.0
6,1.0847222222222221
3,17.53611111111111
4,8.393055555555556
5,87.64861111111111
1,1.46875
6,26.960416666666667
1,0.6027777777777777
6,34.71805555555556
1,0.3375
3,3.6618055555555555
4,42.72291666666667
6,-40.33888888888889
5,64.0375
1,0.3701388888888889
3,1.6291666666666667
6,0.73125
4,20.448611111111113
5,6.495138888888889
3,51.59166666666667
8,1.2979166666666666
7,3.311111111111111
6,0.7694444444444445
8,0.017361111111111112
4,36.18263888888889
9,2.1041666666666665
1,0.7159722222222222
2,0.013888888888888888
6,9.743055555555555
3,0.5263888888888889
4,3.657638888888889
1,0.6236111111111111
7,4.945833333333334
7,0.0006944444444444445
6,10.784722222222221
3,0.6444444444444445
7,25.610416666666666
4,0.05694444444444444
5,44.37430555555556
1,0.49722222222222223
2,3.029861111111111
3,17.47222222222222
6,28.56388888888889
13,-8.11111111111111
4,-16.9
9,25.539583333333333
1,0.3784722222222222
3,2.620833333333333
6,0.7319444444444444
5,62.00763888888889
4,-57.329861111111114
1,1.3875
2,0.010416666666666666
4,26.37361111111111
3,-4.730555555555555
5,70.65555555555555
6,-72.01805555555555
1,1.4513888888888888
6,21.028472222222224
1,0.43125
1,0.3451388888888889
6,4.384722222222222
3,0.26944444444444443
5,60.0
4,-40.25625
1,0.35694444444444445
3,1.6423611111111112
4,45.54097222222222
6,-45.14513888888889
5,63.02708333333333
1,0.3236111111111111
3,0.6756944444444445
6,0.7326388888888888
5,43.68958333333333
4,-17.87847222222222
1,0.41805555555555557
8,9.160416666666666
6,0.002777777777777778
3,4.418055555555555
4,49.62986111111111
5,46.41180555555555
1,1.325
3,0.6743055555555556
5,17.377777777777776
6,-16.645138888888887
9,7.810416666666667
4,-7.952083333333333
8,0.07430555555555556
2,0.0
6,7.257638888888889
3,17.403472222222224
4,5.467361111111111
4,39.361805555555556
3,-16.797916666666666
5,33.71875
6,-48.33611111111111
27,0.041666666666666664
28,0.0
29,0.0
30,0.0
31,0.0
32,0.0
1,0.0
6,35.37291666666667
3,13.495833333333334
4,34.52847222222222
6,-33.96805555555556
1,0.32569444444444445
3,3.673611111111111
4,3.484722222222222
5,26.51527777777778
6,-27.263194444444444
1,0.45625
6,15.282638888888888
1,0.375
3,1.6243055555555554
4,3.484722222222222
5,17.09027777777778
6,-19.841666666666665
16,1.0118055555555556
17,0.0
2,1.8618055555555555
3,13.611805555555556
4,12.433333333333334
6,-8.759722222222223
9,15.77361111111111
1,1.4430555555555555
2,0.017361111111111112
6,7.241666666666666
3,0.2972222222222222
4,5.694444444444445
5,86.00277777777778
1,0.37083333333333335
3,1.6284722222222223
6,0.7305555555555555
5,50.269444444444446
4,-49.58402777777778
1,0.18611111111111112
2,0.22708333333333333
6,3.9291666666666667
3,0.6569444444444444
5,102.04166666666667
4,-101.47083333333333
1,0.40208333333333335
3,7.597222222222222
6,1.4055555555555554
4,48.236111111111114
2,3.0097222222222224
3,0.3333333333333333
6,0.43333333333333335
4,42.24444444444445
1,7.602083333333334
6,1.8152777777777778
4,69.25069444444445
9,0.002777777777777778
5,1.0458333333333334
2,0.90625
6,27.106944444444444
3,0.4875
4,3.5868055555555554
3,0.5819444444444445
6,0.3472222222222222
4,13.047916666666667
5,21.10902777777778
1,1.1958333333333333
2,3.2597222222222224
6,4.108333333333333
3,0.4354166666666667
4,11.546527777777778
1,0.3333333333333333
3,2.6659722222222224
6,4.299305555555556
4,22.447222222222223
5,22.67361111111111
1,0.6298611111111111
3,1.3694444444444445
6,2.464583333333333
4,42.05277777777778
9,0.18333333333333332
5,3.026388888888889
4,19.990277777777777
3,-0.5520833333333334
6,-4.238888888888889
40,3.6569444444444446
1,0.0006944444444444445
1,0.19583333333333333
2,0.2652777777777778
16,0.010416666666666666
1,0.6555555555555556
6,52.81458333333333
8,3.08125
6,0.002777777777777778
4,34.27638888888889
3,-6.706944444444445
6,-5.298611111111111
5,48.72152777777778
2,0.0
4,27.010416666666668
3,-8.388194444444444
6,-17.53125
5,113.57291666666667
1,9.414583333333333
6,0.9854166666666667
5,62.25694444444444
4,-28.086111111111112
15,0.0
15,0.0
15,0.0
15,0.0006944444444444445
6,0.0
15,0.0006944444444444445
15,0.0
15,0.0
15,0.0
15,0.0
15,0.0
15,0.0
15,0.0
15,0.0
15,0.0
15,0.0
6,0.0
1,0.5486111111111112
6,10.790277777777778
8,20.281944444444445
13,0.0
6,0.8868055555555555
17,0.9215277777777777
7,10.76875
7,17.03125
1,0.3277777777777778
3,5.6715277777777775
6,5.361805555555556
4,-4.73125
9,5.467361111111111
5,22.55902777777778
2,0.0
4,18.221527777777776
3,-10.595138888888888
6,-0.5152777777777777
1,0.5972222222222222
4,19.979166666666668
3,-3.5770833333333334
6,-1.2965277777777777
1,0.6284722222222222
1,0.6805555555555556
16,19.976388888888888
6,7.913888888888889
3,0.5486111111111112
5,56.71944444444444
4,-21.180555555555557
1,0.6409722222222223
6,24.51527777777778
3,6.061805555555556
4,5.55625
1,0.7138888888888889
6,44.013194444444444
3,0.3138888888888889
8,1.3944444444444444
6,0.001388888888888889
4,56.12638888888889
9,2.8625
1,0.27361111111111114
3,11.725694444444445
4,4.597916666666666
5,78.8236111111111
9,-72.67430555555555
6,-6.170138888888889
1,0.22083333333333333
2,0.34305555555555556
16,5.973611111111111
1,0.3993055555555556
3,16.6
4,5.415277777777778
5,98.28125
6,-99.20555555555555
1,0.6576388888888889
6,44.6625
4,24.90972222222222
3,-9.434027777777779
6,-1.2854166666666667
9,15.374305555555555
1,0.6465277777777778
3,11.352777777777778
6,0.41388888888888886
4,24.15
1,0.35555555555555557
3,3.64375
6,2.436111111111111
13,0.11597222222222223
4,7.057638888888889
11,2.390277777777778
12,6.646527777777778
9,0.5020833333333333
5,36.27152777777778
1,0.3701388888888889
3,3.629166666666667
4,15.597222222222221
6,-14.853472222222223
9,23.355555555555554
5,21.36111111111111
6,22.681944444444444
3,0.5743055555555555
5,93.04166666666667
4,-46.327083333333334
1,0.4423611111111111
2,0.04722222222222222
3,4.509722222222222
4,6.604166666666667
6,-6.277777777777778
9,37.14930555555556
3,15.503472222222221
4,5.486111111111111
6,-5.032638888888889
1,0.37430555555555556
3,0.625
6,0.7263888888888889
4,33.799305555555556
5,35.13125
4,28.394444444444446
6,-20.365277777777777
6,0.003472222222222222
3,0.5833333333333334
6,-0.5868055555555556
5,37.30555555555556
1,0.375
13,5.106944444444444
6,24.863194444444446
1,0.3659722222222222
1,0.5055555555555555
17,0.020833333333333332
2,0.019444444444444445
4,20.8125
3,-13.359027777777778
5,75.71944444444445
9,-0.2013888888888889
6,-75.82569444444445
1,1.2534722222222223
2,3.3333333333333335
3,16.4125
6,1.4048611111111111
4,2.8965277777777776
1,1.3576388888888888
3,1.6416666666666666
6,1.725
4,3.484722222222222
1,1.4104166666666667
2,0.029166666666666667
6,2.084722222222222
3,0.475
4,3.702777777777778
5,71.99444444444444
3,52.55972222222222
17,19.441666666666666
1,0.0
17,0.020833333333333332
4,1.163888888888889
17,7.746527777777778
17,0.12152777777777778
5,19.216666666666665
17,5.825
17,0.05277777777777778
17,12.833333333333334
17,0.0375
17,86.21736111111112
17,0.7645833333333333
1,0.45694444444444443
3,0.5423611111111111
4,36.520833333333336
6,-36.0
1,0.4395833333333333
7,0.0
6,35.3
4,16.82986111111111
3,-8.663194444444445
6,-0.2986111111111111
5,60.298611111111114
1,0.4340277777777778
2,0.013888888888888888
3,2.551388888888889
4,6.654166666666667
6,-6.330555555555556
9,41.15208333333333
3,13.499305555555555
6,1.3569444444444445
5,43.643055555555556
4,-43.550694444444446
2,0.1326388888888889
3,14.432638888888889
6,0.31805555555555554
4,2.1444444444444444
1,0.34097222222222223
3,2.658333333333333
6,3.73125
5,65.92361111111111
4,-43.206944444444446
1,0.5833333333333334
6,22.738888888888887
6,5.341666666666667
1,0.5923611111111111
8,0.8736111111111111
4,17.043055555555554
3,-7.509722222222222
6,-0.4986111111111111
17,0.07013888888888889
3,22.60763888888889
4,9.177083333333334
1,7.635416666666667
4,36.821527777777774
3,-33.45763888888889
6,-0.6159722222222223
9,53.02777777777778
1,1.1708333333333334
2,0.24166666666666667
4,8.14236111111111
3,-2.5555555555555554
6,-0.5354166666666667
3,17.588194444444444
17,3.373611111111111
1,0.0
17,0.2152777777777778
4,0.8791666666666667
5,1.2569444444444444
1,0.23055555555555557
8,0.22569444444444445
3,14.543055555555556
4,6.509027777777778
3,-1.5090277777777779
6,-0.4236111111111111
9,2.9791666666666665
6,0.11666666666666667
13,0.019444444444444445
8,0.7090277777777778
13,0.0
4,3.229861111111111
9,1.8166666666666667
1,0.3763888888888889
3,2.622916666666667
4,13.593055555555555
6,-13.11736111111111
1,2.6006944444444446
8,1.0118055555555556
3,43.386805555555554
4,5.6090277777777775
6,-2.08125
4,21.176388888888887
3,-1.707638888888889
6,-4.197916666666667
5,106.23958333333333
6,21.997916666666665
3,4.304861111111111
4,1.7208333333333334
1,0.2951388888888889
4,33.28472222222222
3,-27.580555555555556
6,-0.26319444444444445
5,60.263194444444444
4,11.011111111111111
3,-4.428472222222222
6,-6.370833333333334
5,95.4125
1,0.4722222222222222
2,0.03125
6,1.1159722222222221
3,0.3798611111111111
4,33.49236111111111
9,31.14236111111111
5,13.081944444444444
3,35.50555555555555
4,2.397222222222222
6,-0.8548611111111111
1,1.3625
6,2.9555555555555557
3,-1.31875
4,-0.2
9,2.2958333333333334
40,4.448611111111111
1,0.004166666666666667
1,0.45069444444444445
3,8.54861111111111
6,4.705555555555556
4,28.997916666666665
5,22.719444444444445
1,0.48819444444444443
16,7.1402777777777775
6,22.849305555555556
6,0.04722222222222222
3,4.454861111111111
5,43.65625
4,-40.18819444444444
40,2.453472222222222
1,0.0006944444444444445
1,3.658333333333333
3,7.382638888888889
6,6.406944444444444
4,23.21388888888889
5,37.37916666666667
1,31.525
8,3.936111111111111
15,0.0
15,0.0
4,22.866666666666667
15,-22.865972222222222
15,0.0
15,0.0
15,0.0
15,0.0006944444444444445
15,0.0
15,0.0
15,0.0
15,0.0
15,0.0
15,0.0
6,0.0
15,0.83125
15,0.0
15,0.0
6,0.0
15,0.18333333333333332
6,0.0
3,0.42569444444444443
6,-1.4416666666666667
1,0.6152777777777778
6,62.86736111111111
6,1.9625
1,0.5645833333333333
4,43.920833333333334
3,-28.48611111111111
6,-0.47291666666666665
4,50.09166666666667
3,-28.74861111111111
6,-0.5458333333333333
9,33.93055555555556
2,1.08125
4,6.904166666666667
3,-4.533333333333333
6,-0.38472222222222224
9,27.720833333333335
6,9.041666666666666
3,7.51875
4,4.668055555555555
3,21.196527777777778
4,7.49375
6,-3.1284722222222223
4,24.17152777777778
3,-15.546527777777778
6,-0.44722222222222224
5,36.826388888888886
1,0.6993055555555555
3,3.3
6,9.46111111111111
4,21.077083333333334
3,12.4
4,0.38125
6,1.1513888888888888
1,0.5708333333333333
2,0.26805555555555555
3,12.202083333333333
6,1.4673611111111111
4,25.75
5,38.78263888888889
1,0.5465277777777777
1,0.4652777777777778
3,17.534027777777776
4,21.538888888888888
6,-17.989583333333332
9,24.89236111111111
5,20.214583333333334
1,0.55625
8,15.995833333333334
3,8.447222222222223
4,13.333333333333334
5,13.341666666666667
6,-17.117361111111112
1,0.9666666666666667
6,47.58125
3,1.6236111111111111
4,9.401388888888889
6,-9.085416666666667
9,14.782638888888888
1,0.31875
7,0.11041666666666666
3,3.5701388888888888
6,0.29930555555555555
5,51.33263888888889
4,-2.9034722222222222
1,0.5458333333333333
16,23.87638888888889
1,0.2013888888888889
2,0.2611111111111111
4,11.018055555555556
3,-0.48125
6,-5.643055555555556
5,107.68472222222222
1,0.5430555555555555
3,14.497916666666667
6,0.5291666666666667
4,34.00833333333333
1,0.38472222222222224
3,4.614583333333333
6,0.7319444444444444
4,22.02986111111111
5,28.895138888888887
4,78.90833333333333
3,-56.452777777777776
6,-1.1
1,0.45416666666666666
2,0.0
6,5.174305555555556
3,0.37083333333333335
5,64.65625
9,-17.308333333333334
4,-10.869444444444444
1,0.8347222222222223
1,1.3486111111111112
6,1.3805555555555555
3,0.2701388888888889
4,48.66041666666667
5,2.03125
3,8.61875
5,7.38125
6,-3.6444444444444444
9,0.36180555555555555
4,-0.6979166666666666
1,0.3326388888888889
3,3.6666666666666665
4,30.678472222222222
5,21.740972222222222
6,-48.6875
1,0.3472222222222222
1,0.32708333333333334
6,13.415277777777778
2,0.9298611111111111
6,3.517361111111111
3,0.09444444444444444
4,45.37291666666667
1,0.7159722222222222
2,0.013888888888888888
6,40.59930555555555
6,3.3020833333333335
3,3.321527777777778
5,25.461805555555557
4,-21.82847222222222
1,0.44722222222222224
2,0.07013888888888889
4,14.177083333333334
3,-0.6534722222222222
6,-0.5444444444444444
9,59.02013888888889
6,17.091666666666665
3,0.4722222222222222
5,65.65555555555555
9,-24.245833333333334
4,-5.685416666666667
1,0.5027777777777778
8,0.9520833333333333
3,16.586111111111112
4,39.59097222222222
6,-36.259027777777774
1,0.40069444444444446
3,12.640277777777778
6,0.44166666666666665
4,6.920833333333333
9,7.111805555555556
17,4.313194444444444
8,73.98263888888889
6,0.03680555555555556
1,2.670138888888889
6,3.829861111111111
3,0.49930555555555556
4,10.710416666666667
6,0.0020833333333333333
3,11.347222222222221
6,2.4590277777777776
4,1.9277777777777778
5,30.613194444444446
1,0.3145833333333333
3,0.6847222222222222
5,21.647222222222222
6,-17.284027777777776
9,1.7347222222222223
4,-5.586111111111111
1,0.38125
4,23.286805555555556
3,-19.66875
6,-0.2701388888888889
6,10.345833333333333
3,1.2520833333333334
4,13.376388888888888
5,30.280555555555555
1,0.375
4,27.06388888888889
3,-22.439583333333335
6,-0.2659722222222222
2,0.9854166666666667
3,4.606944444444444
4,23.461805555555557
6,-21.009722222222223
5,49.204861111111114
1,0.59375
3,13.405555555555555
4,35.71319444444445
6,-34.99861111111111
3,3.525
4,2.377083333333333
6,3.0819444444444444
9,0.06736111111111111
5,0.8534722222222222
6,10.80486111111111
1,0.38958333333333334
3,1.6097222222222223
6,3.321527777777778
4,35.13263888888889
5,17.220833333333335
1,0.5819444444444445
8,25.061805555555555
6,1.9659722222222222
8,3.8652777777777776
6,30.13888888888889
1,0.3423611111111111
11,4.656944444444444
3,0.0
4,24.56736111111111
5,34.172916666666666
12,-21.288888888888888
4,4.065277777777778
6,-40.1375
1,0.3347222222222222
3,0.6645833333333333
4,1.7159722222222222
6,-0.38958333333333334
5,20.247916666666665
6,19.8625
1,0.3104166666666667
3,2.688888888888889
4,27.20347222222222
6,-24.46875
1,0.34791666666666665
6,1.3909722222222223
3,0.2604166666666667
4,43.640972222222224
5,0.7819444444444444
1,7.454166666666667
2,1.1701388888888888
7,3.8208333333333333
4,21.930555555555557
6,-21.916666666666668
3,21.45
6,0.5597222222222222
4,34.02361111111111
2,1.0326388888888889
3,7.364583333333333
4,0.6979166666666666
6,3.9680555555555554
9,0.43333333333333335
6,17.06388888888889
3,0.39791666666666664
4,2.4784722222222224
3,10.561805555555555
4,27.538888888888888
6,-23.990277777777777
5,80.87430555555555
1,0.4111111111111111
2,0.03125
3,2.5569444444444445
6,0.31875
4,8.221527777777778
5,83.88125
1,0.3798611111111111
3,3.6194444444444445
4,6.545833333333333
5,66.17430555555555
6,-71.98958333333333
1,0.6444444444444445
2,0.024305555555555556
4,20.936805555555555
3,-6.416666666666667
6,-7.145833333333333
5,47.88611111111111
2,0.0
3,6.665277777777778
6,0.4979166666666667
4,6.123611111111111
1,0.33611111111111114
4,38.12430555555556
3,-34.46111111111111
5,44.65694444444444
6,-44.90902777777778
1,0.3576388888888889
6,7.1090277777777775
4,0.25416666666666665
3,0.32013888888888886
6,0.0
15,0.0
1,1.4131944444444444
3,13.58611111111111
6,0.6715277777777777
4,13.98611111111111
5,70.03888888888889
6,19.19375
3,2.5909722222222222
6,3.5756944444444443
4,0.825
1,0.39861111111111114
3,4.600694444444445
6,9.536805555555556
4,37.16111111111111
1,0.7097222222222223
6,29.729861111111113
3,0.5597222222222222
4,3.43125
5,73.26458333333333
1,1.6027777777777779
6,3.817361111111111
3,7.579166666666667
5,52.63055555555555
4,-4.20625
1,0.4548611111111111
3,3.5444444444444443
4,11.436805555555555
6,-6.923611111111111
4,60.671527777777776
3,-18.388194444444444
6,-8.488888888888889
5,51.20763888888889
15,0.0
15,0.0
15,0.0
15,0.0
15,0.0
15,0.0
6,0.0
6,0.0
6,0.0
15,0.0006944444444444445
15,0.0
15,0.0
15,0.0
6,0.0
6,0.0
15,0.001388888888888889
15,0.0
15,0.0
15,0.0
15,0.0
15,0.0
6,0.0
6,0.0
6,0.0
15,0.0006944444444444445
15,0.0
15,0.0
15,0.0
15,0.0
15,0.0
15,0.0
15,0.0
15,0.0
6,0.0
6,0.0
6,0.0
6,0.0
6,0.0
15,0.0006944444444444445
15,0.0
15,0.0
15,0.0
15,0.0
15,0.0
15,0.0
15,0.0
15,0.0
15,0.0
15,0.0
15,0.0
15,0.0
15,0.0
6,0.0
6,0.0
6,0.0
6,0.0
6,0.0
6,0.0
6,0.0
15,0.0006944444444444445
15,0.0
15,0.0
15,0.0
15,0.0
15,0.0
15,0.0
15,0.0
15,0.0
15,0.0
15,0.0
15,0.0
6,0.0
6,0.0
6,0.0
6,0.0
6,0.0
6,0.0
6,0.0
6,0.0
6,0.0
15,0.0006944444444444445
15,0.0
15,0.0
15,0.0
15,0.0
15,0.0
15,0.0
15,0.0
15,0.0
15,0.0
15,0.0
15,0.0
15,0.0
15,0.0
15,0.0
15,0.0
6,0.0
6,0.0
6,0.0
6,0.0
6,0.0
6,0.0
6,0.0
6,0.0
6,0.0
6,0.0
15,0.0006944444444444445
15,0.0
15,0.0
15,0.0
15,0.0
6,0.0
6,0.0
6,0.0
15,0.0006944444444444445
15,0.0
15,0.0
15,0.0
6,0.0
6,0.0
1,0.5597222222222222
6,15.793055555555556
6,19.17222222222222
1,1.3979166666666667
3,18.601388888888888
6,4.6402777777777775
4,-1.1201388888888888
9,1.5819444444444444
5,63.61666666666667
4,28.063194444444445
3,-3.673611111111111
6,-10.539583333333333
17,20.961805555555557
1,0.0
17,0.2152777777777778
4,46.18125
3,-26.568055555555556
6,-0.5645833333333333
5,59.56458333333333
6,10.8625
3,1.4402777777777778
5,63.71944444444444
4,-62.41736111111111
6,14.29375
1,0.3729166666666667
3,1.6263888888888889
4,19.511805555555554
6,-13.199305555555556
6,5.892361111111111
3,0.5534722222222223
4,21.602083333333333
6,-21.044444444444444
5,76.16180555555556
1,0.5034722222222222
3,11.495833333333334
6,6.35
4,-4.000694444444444
9,4.743055555555555
5,10.575
6,21.270138888888887
1,0.5041666666666667
17,4.907638888888889
2,0.04027777777777778
3,2.547222222222222
6,2.4756944444444446
5,109.56597222222223
4,-108.53611111111111
1,0.375
3,1.6243055555555554
6,0.7326388888888888
5,34.727777777777774
4,-29.84513888888889
1,0.3840277777777778
3,2.6152777777777776
4,21.528472222222224
5,41.21111111111111
6,-59.35625
1,0.55625
2,0.020833333333333332
3,7.4222222222222225
6,0.3145833333333333
4,21.244444444444444
1,0.30625
3,0.6930555555555555
6,5.407638888888889
4,8.07013888888889
5,8.957638888888889
1,2.6993055555555556
6,23.990972222222222
3,2.3090277777777777
4,20.402083333333334
1,0.32916666666666666
3,0.6701388888888888
4,21.489583333333332
5,22.97222222222222
6,-43.725
6,0.0
15,0.0
6,0.0006944444444444445
15,0.0
6,0.0020833333333333333
15,0.0
2,0.0
4,13.168055555555556
3,-5.516666666666667
6,-6.525
1,0.22430555555555556
2,0.25972222222222224
4,12.145138888888889
3,-6.629861111111111
6,-0.6333333333333333
1,0.6923611111111111
4,55.638888888888886
3,-19.331944444444446
6,-0.63125
1,0.40069444444444446
3,34.59861111111111
6,1.6291666666666667
4,6.106944444444444
1,0.3368055555555556
3,3.6625
11,0.0
4,37.65625
6,-35.24375
9,38.93402777777778
12,9.23263888888889
5,0.0006944444444444445
4,2.109027777777778
9,2.9458333333333333
5,3.0208333333333335
1,0.19236111111111112
2,0.5333333333333333
6,3.692361111111111
3,0.58125
4,8.44513888888889
1,29.586111111111112
17,0.017361111111111112
4,1.8479166666666667
3,10.540277777777778
4,17.560416666666665
6,-15.067361111111111
1,2.5930555555555554
2,0.02638888888888889
3,11.379861111111111
6,0.31180555555555556
4,11.43125
3,8.434722222222222
5,105.69652777777777
6,-104.13819444444445
9,0.5416666666666666
4,-0.7888888888888889
4,13.95
3,-9.39375
6,-0.46041666666666664
1,0.49375
6,17.827083333333334
20,0.10555555555555556
6,14.9
6,3.203472222222222
1,4.629166666666666
6,15.697916666666666
1,0.4326388888888889
2,0.02847222222222222
4,28.005555555555556
3,-3.4256944444444444
6,-0.3020833333333333
9,54.77777777777778
1,0.6194444444444445
4,63.96527777777778
3,-49.58541666666667
6,-1.5847222222222221
5,101.28055555555555
6,26.12638888888889
1,0.3659722222222222
3,5.633333333333334
4,35.484722222222224
6,-33.85347222222222
1,0.5034722222222222
3,13.495833333333334
8,0.5729166666666666
6,0.017361111111111112
4,33.93819444444444
3,36.355555555555554
4,6.615277777777778
6,-3.079861111111111
6,0.0006944444444444445
6,0.001388888888888889
6,0.001388888888888889
6,0.8958333333333334
6,-0.9006944444444445
3,24.411805555555556
4,5.646527777777778
6,-5.322222222222222
1,0.47847222222222224
2,2.073611111111111
1,0.3333333333333333
6,5.398611111111111
3,0.2673611111111111
4,23.57986111111111
5,27.15972222222222
6,0.009027777777777777
15,0.0
3,29.570138888888888
4,41.65625
1,0.5909722222222222
3,0.4395833333333333
6,0.6333333333333333
4,34.05486111111111
2,0.19583333333333333
6,6.673611111111111
3,0.5902777777777778
4,4.730555555555555
1,0.55
3,62.490972222222226
6,6.659722222222222
4,39.765277777777776
1,0.49236111111111114
8,1.20625
7,20.763194444444444
6,9.01736111111111
3,14.459027777777777
6,0.5958333333333333
4,5.082638888888889
5,38.74166666666667
1,0.33958333333333335
3,1.6597222222222223
6,0.38333333333333336
5,34.99861111111111
4,-21.772222222222222
19,4.7243055555555555
17,0.004861111111111111
1,0.31875
3,3.6805555555555554
4,48.72847222222222
6,-48.42916666666667
5,51.33263888888889
1,0.31666666666666665
3,0.6826388888888889
4,14.567361111111111
6,-10.131944444444445
5,59.30416666666667
4,26.77986111111111
3,-8.449305555555556
6,-5.627083333333333
4,48.09097222222222
3,-28.604166666666668
5,56.65694444444444
6,-66.53888888888889
3,2.3930555555555557
7,3.3715277777777777
4,30.15763888888889
6,-22.085416666666667
4,8.729166666666666
3,-6.4847222222222225
5,40.66736111111111
6,-42.34027777777778
40,2.428472222222222
1,0.0006944444444444445
7,16.816666666666666
1,0.6347222222222222
3,56.40625
7,4.595138888888889
8,1.0743055555555556
4,34.89861111111111
6,-34.15555555555556
6,13.059027777777779
3,0.275
4,3.6645833333333333
9,1.4333333333333333
1,3.3534722222222224
3,13.645833333333334
4,13.63263888888889
6,-13.141666666666667
9,26.025
5,22.904166666666665
6,12.34375
3,3.2868055555555555
5,19.647916666666667
9,-6.894444444444445
4,-2.296527777777778
1,0.33819444444444446
7,0.006944444444444444
1,0.19930555555555557
2,0.15694444444444444
6,6.96875
3,0.6743055555555556
5,86.69722222222222
9,-69.93680555555555
4,-7.347222222222222
1,0.5888888888888889
7,0.008333333333333333
3,2.402083333333333
6,27.445833333333333
9,-12.004166666666666
4,-15.06875
5,35.28194444444444
1,0.5972222222222222
16,0.0006944444444444445
4,3.1180555555555554
3,-0.45
6,-1.2673611111111112
9,2.35625
5,48.56805555555555
8,0.0006944444444444445
8,0.0006944444444444445
16,0.013194444444444444
1,0.3541666666666667
3,1.645138888888889
6,0.7354166666666667
4,19.939583333333335
5,29.785416666666666
6,12.678472222222222
1,0.43333333333333335
7,0.11805555555555555
3,0.4479166666666667
4,2.4256944444444444
6,0.3034722222222222
9,0.3576388888888889
5,51.63333333333333
1,0.46597222222222223
16,4.031944444444444
1,0.19236111111111112
2,1.3555555555555556
6,5.93125
3,1.520138888888889
4,4.572916666666667
8,15.119444444444444
3,0.50625
6,1.3541666666666667
5,57.06597222222222
4,-45.77847222222222
3,7.288888888888889
6,0.5631944444444444
5,50.859027777777776
4,-20.79722222222222
8,1.8680555555555556
4,21.116666666666667
3,-20.615277777777777
6,-0.49236111111111114
5,55.104166666666664
1,0.4722222222222222
7,2.064583333333333
4,12.944444444444445
3,-4.481944444444444
6,-0.42430555555555555
5,56.16458333333333
6,10.8625
3,1.4402777777777778
4,1.3020833333333333
5,62.41736111111111
4,18.72361111111111
3,-4.370138888888889
5,28.459722222222222
6,-28.92361111111111
6,7.213888888888889
3,30.541666666666668
10,3.636111111111111
3,1.363888888888889
4,22.439583333333335
4,0.9708333333333333
6,10.977777777777778
1,0.19236111111111112
2,1.3597222222222223
4,39.040277777777774
3,-28.551388888888887
6,-3.6069444444444443
1,0.42083333333333334
6,9.065277777777778
6,1.975
3,0.5715277777777777
5,106.04166666666667
4,-101.66875
1,0.6694444444444444
6,16.821527777777778
3,1.5083333333333333
4,0.7208333333333333
1,0.35
3,0.6493055555555556
6,2.7319444444444443
4,0.7784722222222222
5,16.949305555555554
6,25.65486111111111
6,23.180555555555557
1,0.44722222222222224
2,0.07013888888888889
3,14.52361111111111
6,0.3298611111111111
4,1.2798611111111111
9,55.865972222222226
1,0.35138888888888886
3,4.647916666666666
13,3.5430555555555556
3,3.4569444444444444
6,0.7298611111111111
4,1.6506944444444445
11,0.6194444444444445
12,0.6416666666666667
11,4.358333333333333
4,2.6381944444444443
12,17.96388888888889
5,23.1375
1,0.76875
6,16.106944444444444
3,0.12361111111111112
4,26.740277777777777
1,0.3729166666666667
2,8.29513888888889
6,33.19236111111111
3,0.18055555555555555
4,28.54513888888889
9,4.167361111111111
1,0.5506944444444445
7,32.91111111111111
8,0.0
7,14.98611111111111
8,0.0
3,0.5930555555555556
4,32.740972222222226
6,-31.250694444444445
5,63.50972222222222
40,0.425
1,0.003472222222222222
6,28.9875
1,0.4173611111111111
6,21.10902777777778
3,0.49722222222222223
4,6.436805555555556
5,55.28263888888889
6,-59.202777777777776
1,0.4013888888888889
3,7.597916666666666
6,5.363194444444445
5,78.67847222222223
4,-64.33472222222223
1,0.6958333333333333
6,33.00347222222222
1,0.3611111111111111
3,4.638194444444444
6,0.30972222222222223
4,0.07083333333333333
5,50.33819444444445
4,10.102777777777778
3,-2.420138888888889
6,-0.2625
5,54.98125
1,40.577083333333334
17,0.1284722222222222
4,13.73263888888889
5,48.99583333333333
6,7.8875
3,0.3840277777777778
5,56.65555555555556
4,-54.94375
1,25.325
17,0.04097222222222222
4,1.2833333333333334
1,4.396527777777778
6,1.1756944444444444
3,0.46875
4,2.3534722222222224
5,20.268055555555556
3,17.577083333333334
4,9.511805555555556
6,-4.918055555555555
1,0.4951388888888889
7,2.154861111111111
3,5.3493055555555555
4,4.752777777777778
6,-4.376388888888889
5,21.325
1,1.3263888888888888
3,0.6729166666666667
4,15.3625
5,36.35625
6,-49.34930555555555
1,0.5944444444444444
3,14.446527777777778
4,32.486111111111114
5,32.513888888888886
6,-63.62986111111111
1,0.39166666666666666
3,1.6076388888888888
6,7.472916666666666
4,6.176388888888889
5,22.730555555555554
1,0.43819444444444444
3,16.56111111111111
4,13.578472222222222
6,-9.188888888888888
1,0.32569444444444445
3,3.673611111111111
4,3.484722222222222
6,-0.7479166666666667
5,27.263194444444444
1,1.3902777777777777
2,1.05
7,6.0472222222222225
3,8.553472222222222
4,21.465972222222224
5,44.53402777777778
9,-44.240972222222226
6,-19.210416666666667
1,0.19583333333333333
2,0.2520833333333333
6,5.074305555555555
3,0.47708333333333336
4,13.473611111111111
1,0.37916666666666665
3,3.3986111111111112
4,5.70625
6,-0.23680555555555555
9,4.272916666666666
5,72.95347222222222
1,0.5868055555555556
4,29.014583333333334
3,-14.435416666666667
6,-6.502083333333333
40,0.46597222222222223
1,0.0020833333333333333
6,28.165972222222223
1,0.44375
4,20.209027777777777
3,-3.6534722222222222
6,-8.65625
6,19.995833333333334
3,0.4826388888888889
4,6.446527777777778
2,0.0
6,7.257638888888889
3,17.403472222222224
4,5.461111111111111
1,0.26875
3,1.7305555555555556
4,13.27361111111111
6,-8.904166666666667
5,38.28611111111111
1,0.36666666666666664
3,0.6326388888888889
6,1.3902777777777777
4,21.260416666666668
1,0.21736111111111112
3,18.781944444444445
6,1.6944444444444444
4,0.8631944444444445
9,1.5340277777777778
1,0.26875
3,3.7305555555555556
4,16.603472222222223
6,-14.23611111111111
9,31.720833333333335
1,0.38055555555555554
3,3.61875
4,32.59513888888889
6,-30.278472222222224
5,52.41041666666667
3,10.372916666666667
4,12.379861111111111
6,-9.011111111111111
5,100.67291666666667
1,0.5965277777777778
6,27.760416666666668
3,3.642361111111111
4,1.5590277777777777
1,1.3090277777777777
3,0.6902777777777778
6,1.4083333333333334
4,21.979861111111113
1,0.3506944444444444
3,5.690277777777778
4,1.6298611111111112
5,35.74930555555556
6,-36.77361111111111
1,0.46041666666666664
6,15.250694444444445
3,1.2881944444444444
4,9.43125
1,0.41875
3,20.622222222222224
6,3.604861111111111
5,53.39513888888889
4,-31.394444444444446
1,0.33125
3,0.6680555555555555
4,2.68125
6,0.65
9,0.3659722222222222
5,16.738194444444446
1,0.6194444444444445
2,0.09930555555555555
3,15.280555555555555
4,43.71041666666667
6,-43.39791666666667
5,85.72916666666667
2,0.0
4,12.183333333333334
3,-9.540972222222223
6,-1.426388888888889
6,7.7625
3,0.5958333333333333
4,1.4958333333333333
5,35.50416666666667
19,4.7243055555555555
17,0.004861111111111111
1,0.3451388888888889
3,0.6541666666666667
4,0.7020833333333333
6,0.675
9,3.709722222222222
5,16.64027777777778
1,0.6291666666666667
6,48.93541666666667
1,4.381944444444445
3,7.617361111111111
6,2.509027777777778
4,0.9131944444444444
7,17.877777777777776
3,13.5
4,8.45138888888889
6,-7.834027777777778
9,16.520833333333332
1,0.40069444444444446
6,28.125
4,17.824305555555554
3,-9.3625
6,-0.31805555555555554
5,49.97361111111111
1,1.3256944444444445
3,0.6736111111111112
6,0.7291666666666666
4,21.79652777777778
5,43.19305555555555
1,0.4722222222222222
2,14.921527777777778
6,23.26527777777778
3,0.3819444444444444
4,33.74652777777778
9,18.85763888888889
6,10.945833333333333
1,0.59375
6,29.8875
3,8.543055555555556
4,23.74652777777778
6,-23.21875
5,50.2125
4,19.659027777777776
3,-4.379166666666666
5,69.71944444444445
9,-56.61736111111111
6,-16.521527777777777
4,14.22638888888889
3,-13.604166666666666
6,6.513888888888889
3,4.486111111111111
11,0.0
6,-11.4625
9,19.560416666666665
12,6.573611111111111
5,0.0006944444444444445
4,0.93125
5,30.396527777777777
4,3.6708333333333334
5,1.9847222222222223
6,27.053472222222222
16,0.041666666666666664
6,11.522222222222222
3,0.6125
4,53.60347222222222
5,38.113194444444446
9,-17.26527777777778
6,-73.84513888888888
1,6.6375
3,12.53125
6,1.4305555555555556
4,24.115972222222222
5,45.87638888888889
1,0.4548611111111111
2,0.17152777777777778
3,23.372916666666665
6,13.574305555555556
4,14.070833333333333
1,0.375
4,27.06388888888889
3,-22.439583333333335
6,-0.2659722222222222
6,23.90138888888889
1,0.4166666666666667
2,0.24444444444444444
3,7.3381944444444445
6,4.507638888888889
4,23.99513888888889
5,28.15277777777778
1,0.6347222222222222
3,56.40625
7,4.595138888888889
8,1.0743055555555556
6,0.7486111111111111
4,34.15
3,1.3597222222222223
4,1.4013888888888888
5,25.1
6,-26.127083333333335
1,0.5555555555555556
27,0.041666666666666664
28,0.0
29,0.0
30,0.0
31,0.0
32,0.0
1,0.0
3,16.584027777777777
4,47.518055555555556
6,-42.90902777777778
6,0.8777777777777778
3,0.5965277777777778
4,3.60625
5,20.897916666666667
6,11.938194444444445
1,0.38055555555555554
6,1.351388888888889
3,0.2673611111111111
5,19.656944444444445
4,-14.073611111111111
1,0.7402777777777778
1,1.3875
2,0.010416666666666666
6,5.263194444444444
3,0.33819444444444446
4,9.456944444444444
5,77.24027777777778
1,0.65
6,34.825694444444444
1,0.19236111111111112
2,1.46875
3,0.33819444444444446
6,2.4270833333333335
4,79.32152777777777
1,0.6701388888888888
6,23.908333333333335
1,0.1763888888888889
2,0.26666666666666666
3,10.55625
6,0.4111111111111111
4,2.0284722222222222
1,3.4583333333333335
7,1.198611111111111
7,0.0006944444444444445
6,16.894444444444446
3,18.488888888888887
6,5.472222222222222
4,33.20902777777778
3,36.53333333333333
6,5.585416666666666
4,16.666666666666668
6,4.934722222222222
3,16.571527777777778
5,34.72013888888889
9,-10.03125
4,-0.013194444444444444
1,0.4486111111111111
3,17.550694444444446
6,3.5097222222222224
4,22.145833333333332
5,43.06458333333333
1,0.20833333333333334
3,20.832638888888887
4,5.3875
6,-4.730555555555555
9,21.898611111111112
1,1.4430555555555555
2,0.017361111111111112
4,13.221527777777778
3,-5.682638888888889
6,-0.35555555555555557
5,92.05277777777778
1,0.5055555555555555
16,0.020833333333333332
17,0.0
4,15.0875
3,-6.513888888888889
6,-0.5583333333333333
1,0.43333333333333335
3,54.607638888888886
6,15.396527777777777
4,15.313888888888888
6,0.0
6,0.0
15,0.0
15,0.0
6,28.742361111111112
1,0.8861111111111111
6,24.475694444444443
3,10.6375
4,5.209722222222222
1,59.30763888888889
17,0.09097222222222222
5,2.2847222222222223
4,-1.1465277777777778
17,70.86319444444445
17,0.020833333333333332
17,8.910416666666666
17,0.12152777777777778
17,25.041666666666668
17,0.05277777777777778
17,12.833333333333334
17,0.0375
17,86.21736111111112
17,0.7645833333333333
1,0.37569444444444444
3,4.623611111111111
4,38.49513888888889
6,-37.92638888888889
1,0.7256944444444444
3,21.273611111111112
6,0.4840277777777778
5,51.93680555555556
9,-20.769444444444446
4,-0.029166666666666667
3,8.663194444444445
4,0.55625
5,20.064583333333335
6,-20.099305555555556
3,11.347916666666666
6,36.52152777777778
4,-36.09375
9,36.709722222222226
5,7.283333333333333
1,0.4236111111111111
2,0.027777777777777776
6,8.11736111111111
3,0.4305555555555556
4,13.501388888888888
9,34.97430555555555
1,0.23055555555555557
8,0.3625
3,10.40625
4,96.78680555555556
6,-94.09861111111111
1,2.6659722222222224
17,0.8923611111111112
6,49.983333333333334
1,0.39305555555555555
4,20.06388888888889
3,-5.457638888888889
6,-0.5194444444444445
1,0.4263888888888889
3,3.5729166666666665
6,2.7333333333333334
5,56.68819444444444
4,-20.866666666666667
1,0.5479166666666667
2,0.029861111111111113
3,6.4215277777777775
6,0.3194444444444444
5,72.4
4,-49.05694444444445
1,2.6659722222222224
8,0.021527777777777778
17,0.8708333333333333
6,49.97013888888889
1,0.46875
16,6.273611111111111
6,16.885416666666668
1,0.31666666666666665
3,4.682638888888889
6,0.43472222222222223
4,23.059722222222224
1,0.35347222222222224
3,0.6458333333333334
4,22.727777777777778
6,-21.318055555555556
5,64.30902777777777
6,13.92986111111111
3,3.58125
4,25.634027777777778
5,31.365972222222222
6,-49.300694444444446
1,0.44722222222222224
2,0.04375
6,3.060416666666667
3,0.4479166666666667
5,68.71666666666667
9,-13.081944444444444
4,-43.01111111111111
3,38.40833333333333
6,0.5472222222222223
4,4.950694444444444
9,1.94375
1,0.40902777777777777
6,21.044444444444444
3,0.5458333333333333
4,9.703472222222222
5,62.71666666666667
1,0.41388888888888886
2,0.06180555555555556
4,9.947916666666666
3,-6.424305555555556
6,-0.40069444444444446
9,78.03541666666666
5,13.081944444444444
1,1.4708333333333334
2,0.011111111111111112
4,11.109722222222222
3,-3.592361111111111
6,0.7375
3,0.2625
6,-1.3909722222222223
6,5.947222222222222
3,0.44375
4,0.5041666666666667
9,6.977083333333334
4,1.0805555555555555
9,61.95625
5,0.2013888888888889
1,0.6138888888888889
6,57.99861111111111
1,0.36944444444444446
3,5.629861111111111
4,2.3493055555555555
5,35.31319444444444
9,-21.51388888888889
6,-14.602083333333333
1,0.5034722222222222
3,12.495833333333334
4,13.756944444444445
6,-13.265277777777778
4,20.824305555555554
3,-4.24375
6,-8.584027777777777
5,114.62569444444445
1,0.40694444444444444
3,4.592361111111111
4,62.490972222222226
6,-59.87708333333333
1,0.3548611111111111
3,3.6444444444444444
6,2.3618055555555557
4,25.25625
5,31.12152777777778
1,1.4402777777777778
4,15.127777777777778
3,-4.56875
6,-0.5347222222222222
5,113.57638888888889
17,0.04583333333333333
3,3.557638888888889
4,33.520833333333336
6,-22.916666666666668
1,0.3951388888888889
2,0.025694444444444443
16,0.001388888888888889
1,0.5833333333333334
6,34.02013888888889
3,0.4375
4,13.590277777777779
1,0.3423611111111111
3,4.656944444444444
11,0.0
4,24.56736111111111
6,-23.188194444444445
12,36.07222222222222
4,4.065277777777778
5,17.22361111111111
1,0.5041666666666667
17,4.907638888888889
2,0.04027777777777778
4,5.959722222222222
3,-5.4125
5,114.04166666666667
6,-114.57291666666667
1,0.3659722222222222
4,1.413888888888889
3,0.21944444444444444
6,0.73125
9,0.3659722222222222
21,6.863888888888889
4,49.93055555555556
3,-24.339583333333334
5,58.65416666666667
9,-22.249305555555555
6,-39.673611111111114
6,4.188194444444444
3,8.32638888888889
4,68.73125
1,0.3819444444444444
2,0.02847222222222222
4,41.08402777777778
3,-20.49513888888889
6,-0.33541666666666664
9,63.97013888888889
5,13.081944444444444
1,1.3993055555555556
2,1.1916666666666667
3,29.408333333333335
6,7.329166666666667
4,27.320138888888888
4,45.990972222222226
3,-33.54375
5,49.72013888888889
6,-58.07013888888889
4,4.165277777777778
15,-4.165277777777778
6,0.0006944444444444445
15,0.0
15,0.0
15,0.0
15,0.0
15,0.0
15,0.0020833333333333333
15,0.0
15,0.0
15,0.0
15,0.0
15,0.0
15,0.0
15,0.0
6,0.0006944444444444445
15,0.0
15,0.0
15,0.0
15,0.0020833333333333333
6,0.0006944444444444445
15,0.0
15,0.0
15,0.0
15,0.0
15,0.0
15,0.0
6,0.002777777777777778
15,0.0
15,0.0
15,0.0
15,0.0
15,0.0
6,0.001388888888888889
15,0.0
3,3.6479166666666667
6,-3.658333333333333
6,8.189583333333333
15,0.0
20,0.05625
6,0.0006944444444444445
15,0.0
3,0.41180555555555554
4,0.38958333333333334
5,43.33125
1,1.3847222222222222
6,7.0465277777777775
3,13.352083333333333
5,106.69652777777777
9,-86.95625
6,2.7506944444444446
4,-17.008333333333333
6,0.0
6,0.0
6,0.0
6,0.0
6,0.0
6,0.0
15,0.0
15,0.0
15,0.0
15,0.0
15,0.0
15,0.0
6,21.270138888888887
1,0.31180555555555556
6,3.4618055555555554
3,0.2673611111111111
4,41.64930555555556
5,2.9409722222222223
3,4.620833333333334
4,9.652777777777779
6,-9.126388888888888
5,44.93472222222222
1,0.4444444444444444
6,23.185416666666665
3,0.36944444444444446
4,46.605555555555554
5,46.43611111111111
1,0.44722222222222224
2,0.04375
4,10.264583333333333
3,-1.7145833333333333
6,-0.40694444444444444
9,51.0
5,13.081944444444444
1,0.36527777777777776
6,5.086805555555555
3,7.588888888888889
5,36.38194444444444
4,-20.724305555555556
1,0.6506944444444445
6,27.863194444444446
8,7.96875
13,0.0
6,0.009027777777777777
3,6.579861111111111
6,1.45625
4,44.24791666666667
5,42.3375
1,0.3541666666666667
3,6.645138888888889
4,1.3888888888888888
6,1.3451388888888889
7,2.803472222222222
9,0.0
5,17.20277777777778
1,0.6645833333333333
2,0.003472222222222222
3,10.372916666666667
4,24.211805555555557
6,-23.62152777777778
5,66.40972222222223
4,33.28888888888889
3,-1.7159722222222222
6,-6.301388888888889
1,0.5368055555555555
2,0.8979166666666667
3,8.564583333333333
4,15.6
6,-14.278472222222222
1,0.48680555555555555
3,0.5125
6,6.552083333333333
5,48.166666666666664
4,-15.113194444444444
1,0.33611111111111114
6,3.411111111111111
3,0.2520833333333333
4,34.46111111111111
5,10.195833333333333
6,2.138888888888889
1,1.5055555555555555
7,5.896527777777778
8,0.0
6,21.168055555555554
3,0.42916666666666664
4,50.68958333333333
1,0.44930555555555557
3,2.55
5,26.655555555555555
4,-22.20347222222222
9,1.6416666666666666
6,-0.6541666666666667
1,3.3868055555555556
3,33.6125
6,0.5673611111111111
4,0.9590277777777778
1,0.37916666666666665
3,3.620138888888889
6,2.3916666666666666
4,28.161805555555556
2,0.0
4,15.309722222222222
3,-4.627083333333333
5,113.04166666666667
6,-120.58333333333333
1,0.3576388888888889
3,1.6416666666666666
6,2.328472222222222
4,7.986805555555556
5,30.341666666666665
17,20.961805555555557
1,0.0
17,0.2152777777777778
1,0.43472222222222223
6,18.10763888888889
1,0.5861111111111111
3,37.454861111111114
4,42.72222222222222
6,-41.229166666666664
1,2.6659722222222224
17,0.8923611111111112
3,43.44097222222222
4,5.6305555555555555
6,-2.1125
3,32.666666666666664
6,3.2152777777777777
4,1.4708333333333334
5,79.35555555555555
6,10.945833333333333
1,0.5111111111111111
6,27.069444444444443
1,0.45555555555555555
8,34.01875
1,0.21388888888888888
2,0.18472222222222223
6,2.167361111111111
3,0.43333333333333335
4,7.597916666666666
9,61.920138888888886
5,0.2013888888888889
4,8.810416666666667
3,-0.5277777777777778
6,-0.38680555555555557
5,49.99861111111111
4,16.981944444444444
3,-7.469444444444444
6,-0.47430555555555554
1,0.3402777777777778
3,4.659027777777778
6,0.7298611111111111
4,33.84930555555555
5,31.07777777777778
6,56.643055555555556
1,0.5298611111111111
6,4.886805555555555
3,-0.4173611111111111
4,-0.27708333333333335
5,3.9493055555555556
1,0.5631944444444444
16,20.95486111111111
1,0.6444444444444445
2,0.024305555555555556
4,34.863194444444446
3,-7.532638888888889
6,-5.500694444444444
2,0.8222222222222222
3,15.63125
6,0.5861111111111111
4,3.890277777777778
9,10.079166666666667
1,2.6659722222222224
8,0.021527777777777778
17,0.8708333333333333
3,43.44097222222222
4,5.6305555555555555
6,0.8506944444444444
2,2.8125
4,13.965972222222222
3,-4.446527777777778
6,-0.24305555555555555
3,3.6625
11,0.0
4,37.65625
5,12.92361111111111
9,-9.233333333333333
12,9.23263888888889
6,-48.166666666666664
4,50.27638888888889
9,2.9458333333333333
5,3.0208333333333335
1,0.6284722222222222
3,20.370833333333334
4,4.559027777777778
6,-3.0208333333333335
9,13.01736111111111
1,0.32569444444444445
3,5.673611111111111
4,14.613888888888889
5,35.048611111111114
6,-49.35486111111111
4,40.170833333333334
3,-27.629166666666666
5,56.65694444444444
6,-59.32361111111111
1,1.2534722222222223
2,3.3333333333333335
3,31.4125
6,0.5784722222222223
4,13.095138888888888
2,0.8222222222222222
3,15.63125
4,4.476388888888889
6,-3.884027777777778
9,13.963194444444444
1,0.5513888888888889
2,0.029861111111111113
3,8.418055555555556
4,26.44236111111111
6,-26.122916666666665
5,70.4
1,0.5604166666666667
3,3.438888888888889
6,0.34930555555555554
4,21.247222222222224
5,31.403472222222224
1,0.4111111111111111
6,23.12013888888889
1,0.20347222222222222
2,0.1951388888888889
4,36.99444444444445
3,-1.39375
5,85.71666666666667
9,-13.081944444444444
6,-72.9
6,0.0
15,0.0
1,0.3840277777777778
3,0.6152777777777778
6,0.73125
5,54.922916666666666
4,-23.979166666666668
1,4.475
6,12.078472222222222
1,0.40694444444444444
3,0.5923611111111111
4,35.56805555555555
6,-35.08958333333333
1,0.5805555555555556
4,56.015972222222224
3,-24.555555555555557
6,-7.627777777777778
1,4.353472222222222
3,11.645833333333334
4,1.4958333333333333
6,-0.16458333333333333
5,42.388888888888886
1,0.43125
3,1.5680555555555555
4,30.64097222222222
6,-26.270138888888887
6,11.895833333333334
1,0.22291666666666668
2,0.18611111111111112
6,20.12013888888889
3,0.4701388888888889
4,4.497916666666667
9,29.977777777777778
1,0.4583333333333333
7,1.198611111111111
8,9.897916666666667
3,2.4444444444444446
6,1.3284722222222223
4,17.31597222222222
5,38.77638888888889
1,0.8354166666666667
6,23.700694444444444
1,0.5034722222222222
4,34.043055555555554
3,-23.54722222222222
6,-0.49930555555555556
1,0.3263888888888889
6,5.407638888888889
3,0.2652777777777778
5,49.611805555555556
4,-30.897222222222222
7,70.10069444444444
1,0.65625
2,1.0361111111111112
3,10.306944444444444
4,35.736111111111114
6,-34.230555555555554
1,0.40208333333333335
4,62.21458333333333
3,-35.575694444444444
6,-0.6118055555555556
1,0.22430555555555556
2,0.2590277777777778
6,4.882638888888889
3,0.6333333333333333
4,6.629861111111111
1,0.35694444444444445
3,1.6423611111111112
6,5.340972222222222
4,34.22430555555555
5,17.85625
16,0.027083333333333334
1,0.36875
4,1.4041666666666666
11,0.2263888888888889
3,0.0
8,3.3743055555555554
6,0.0006944444444444445
12,70.14166666666667
5,0.0
4,0.034722222222222224
5,2.167361111111111
4,25.086111111111112
3,-2.4256944444444444
6,-2.370138888888889
9,6.826388888888889
5,15.191666666666666
4,32.89861111111111
3,-16.448611111111113
6,-0.5201388888888889
1,4.553472222222222
3,7.445833333333334
6,4.475694444444445
4,68.86736111111111
5,3.2881944444444446
17,6.413888888888889
17,42.06041666666667
1,0.0
17,0.001388888888888889
4,2.0131944444444443
5,5.236111111111111
1,1.3729166666666666
3,1.6263888888888889
4,47.44166666666667
6,-47.1125
5,57.327777777777776
3,1.6256944444444446
4,0.47847222222222224
6,0.24930555555555556
9,0.3645833333333333
5,19.635416666666668
6,18.968055555555555
3,1.4208333333333334
4,17.36875
1,0.3958333333333333
3,7.603472222222222
4,7.585416666666666
5,21.875
6,-29.138194444444444
3,3.620833333333333
4,8.535416666666666
6,-5.082638888888889
5,28.007638888888888
1,0.3333333333333333
3,7.665972222222222
4,27.586111111111112
3,-14.544444444444444
11,0.0
6,-9.743055555555555
12,33.97986111111111
4,0.1951388888888889
9,0.6652777777777777
5,10.28125
1,10.40625
6,1.0840277777777778
5,43.229166666666664
4,-27.06597222222222
3,3.6104166666666666
4,6.517361111111111
6,-4.16875
1,0.38333333333333336
2,0.0
16,10.35763888888889
1,0.4548611111111111
1,0.5006944444444444
6,15.190277777777778
3,0.35
4,5.375
1,0.4111111111111111
2,0.10277777777777777
4,26.084027777777777
3,-7.5569444444444445
6,-0.4083333333333333
9,53.00138888888889
5,13.081944444444444
1,1.3034722222222221
3,1.6958333333333333
5,33.71944444444444
6,-30.247916666666665
9,0.6722222222222223
4,-1.667361111111111
1,0.3326388888888889
3,1.6666666666666667
4,28.316666666666666
6,-26.584027777777777
5,54.922916666666666
15,0.0
15,0.0
15,0.0
15,0.0
15,0.0
15,0.0
15,0.0
6,0.0
1,0.39791666666666664
3,7.570833333333334
4,2.547222222222222
6,-1.8243055555555556
1,0.42986111111111114
3,15.569444444444445
6,0.40069444444444446
4,1.0958333333333334
5,112.2
6,10.897916666666667
1,0.34791666666666665
3,11.693055555555556
4,17.595833333333335
5,20.78611111111111
9,-8.868055555555555
6,-29.110416666666666
1,0.43125
3,0.5680555555555555
6,6.4527777777777775
5,50.202777777777776
4,-34.33611111111111
3,4.513194444444444
4,27.477083333333333
6,-25.06736111111111
1,1.4465277777777779
8,1.042361111111111
6,10.86736111111111
1,0.36875
3,1.6305555555555555
11,0.0
4,7.413194444444445
5,29.586805555555557
12,-22.28611111111111
4,0.0006944444444444445
9,0.0006944444444444445
6,-13.970833333333333
5,38.72708333333333
4,21.045833333333334
3,-11.463194444444444
6,-7.590277777777778
1,0.4361111111111111
2,0.022222222222222223
6,6.24375
3,0.2972222222222222
4,13.424305555555556
9,23.051388888888887
1,0.3840277777777778
3,3.6152777777777776
6,0.7347222222222223
4,5.68125
1,0.3611111111111111
6,3.379166666666667
6,0.01597222222222222
3,3.4006944444444445
4,6.452083333333333
5,91.58958333333334
1,3.479861111111111
8,12.17361111111111
3,2.3875
6,4.647222222222222
4,-4.2659722222222225
9,4.721527777777778
5,59.897222222222226
1,0.45208333333333334
3,25.54722222222222
4,35.58958333333333
6,-35.081944444444446
9,38.106944444444444
5,13.104166666666666
1,1.4527777777777777
6,20.12847222222222
3,0.41805555555555557
4,5.695138888888889
9,55.69305555555555
1,1.5854166666666667
3,10.589583333333334
4,12.499305555555555
6,-10.106944444444444
5,46.03055555555556
6,45.87152777777778
2,0.2
4,26.93402777777778
3,-3.588888888888889
6,-0.37083333333333335
1,0.6451388888888889
6,17.03472222222222
3,0.3611111111111111
4,29.569444444444443
1,0.4409722222222222
3,28.558333333333334
6,0.3416666666666667
4,15.275
1,0.6729166666666667
15,0.0
15,0.0
15,0.0
15,0.0
15,0.0
15,0.0
15,0.0
15,0.0
15,0.0
15,0.0
15,0.0
4,15.474305555555556
3,-6.423611111111111
5,69.42291666666667
6,-78.47361111111111
6,15.199305555555556
3,4.238888888888889
4,0.5520833333333334
1,0.7215277777777778
2,0.04583333333333333
16,7.774305555555555
1,0.7368055555555556
1,0.3888888888888889
3,0.6104166666666667
6,0.7430555555555556
5,62.9125
4,-28.218055555555555
1,0.6256944444444444
8,3.0319444444444446
1,0.4263888888888889
3,3.5729166666666665
6,2.7333333333333334
4,35.821527777777774
5,20.866666666666667
1,0.48541666666666666
3,14.51388888888889
6,0.4736111111111111
4,48.15833333333333
5,46.40972222222222
40,0.3840277777777778
1,0.009722222222222222
6,30.105555555555554
21,34.291666666666664
1,4.433333333333334
3,6.565972222222222
6,0.7215277777777778
4,26.947916666666668
5,44.37222222222222
1,0.5125
3,18.528472222222224
6,0.3784722222222222
4,15.859722222222222
9,45.173611111111114
4,27.884027777777778
3,-17.53263888888889
5,41.739583333333336
6,-43.34861111111111
1,3.7472222222222222
3,5.252083333333333
6,0.4013888888888889
5,80.64027777777778
4,-64.35763888888889
1,0.5583333333333333
2,0.16458333333333333
3,20.318055555555556
4,30.46527777777778
6,-29.135416666666668
1,0.38055555555555554
3,6.61875
4,0.5930555555555556
6,2.859722222222222
9,0.6368055555555555
6,5.911111111111111
3,3.379861111111111
4,53.65416666666667
3,7.459027777777778
4,12.472222222222221
5,38.947916666666664
6,-50.827777777777776
1,0.3548611111111111
3,11.644444444444444
4,45.673611111111114
6,-42.36875
5,44.386805555555554
1,0.4701388888888889
4,5.2347222222222225
3,0.29444444444444445
6,1.3270833333333334
5,14.272916666666667
1,0.36736111111111114
3,1.6319444444444444
6,0.73125
4,27.745833333333334
1,0.41458333333333336
6,6.988194444444445
13,98.11319444444445
1,0.46458333333333335
6,18.96875
3,14.565972222222221
4,8.407638888888888
3,3.629861111111111
6,3.5083333333333333
5,38.23125
4,-24.215972222222224
1,5.586111111111111
3,13.413194444444445
6,0.4708333333333333
4,4.154166666666667
3,7.429861111111111
4,5.51875
6,1.9958333333333333
9,0.5833333333333334
5,12.641666666666667
1,0.42986111111111114
2,0.020833333333333332
4,12.946527777777778
3,-4.397916666666666
6,-0.33819444444444446
9,55.81388888888889
2,0.0
4,3.2111111111111112
3,-1.5666666666666667
6,-0.35833333333333334
3,15.39861111111111
4,12.331944444444444
6,-11.746527777777779
4,30.779166666666665
3,-7.420833333333333
5,92.04166666666667
6,-93.48194444444445
3,8.529166666666667
6,8.472222222222221
4,13.057638888888889
1,0.44027777777777777
3,22.600694444444443
4,30.63888888888889
5,24.035416666666666
6,-51.265277777777776
1,0.3923611111111111
3,68.60694444444445
4,2.5875
6,-1.98125
1,3.502083333333333
4,10.157638888888888
3,-2.660416666666667
11,0.0
6,-0.6027777777777777
12,11.297222222222222
4,0.7777777777777778
5,18.52777777777778
5,3.654861111111111
17,0.05763888888888889
7,36.94861111111111
1,0.38125
3,4.618055555555555
6,1.5048611111111112
4,34.12222222222222
4,11.229166666666666
15,-11.216666666666667
3,7.54375
5,71.04166666666667
6,-78.58541666666666
1,0.37222222222222223
3,1.6270833333333334
4,24.48125
5,3.9784722222222224
6,-27.73263888888889
1,2.647222222222222
6,27.179861111111112
1,1.3402777777777777
3,23.659027777777776
6,0.7340277777777777
4,17.91111111111111
5,24.094444444444445
1,0.9527777777777777
2,0.002777777777777778
4,48.705555555555556
3,-28.62013888888889
6,-0.32708333333333334
5,66.32708333333333
1,0.29930555555555555
3,2.7
6,4.324305555555555
4,9.083333333333334
6,0.0006944444444444445
1,0.2
2,0.2722222222222222
4,4.063194444444444
3,-2.536111111111111
5,64.675
9,-13.081944444444444
6,-51.89513888888889
7,0.9847222222222223
7,0.9743055555555555
3,0.5569444444444445
4,5.626388888888889
6,-0.09513888888888888
5,14.847916666666666
3,5.610416666666667
6,0.61875
6,0.0020833333333333333
4,57.96875
1,1.5527777777777778
3,13.446527777777778
4,0.6041666666666666
6,0.8083333333333333
9,0.6763888888888889
6,15.036111111111111
1,0.45555555555555555
6,7.981944444444444
1,0.43194444444444446
3,14.609027777777778
4,28.366666666666667
6,-27.95
1,0.3840277777777778
3,0.6152777777777778
6,0.73125
5,54.922916666666666
4,-23.979166666666668
1,0.5263888888888889
2,0.21180555555555555
3,12.261111111111111
4,20.502777777777776
6,-20.174305555555556
5,63.390972222222224
6,0.0
6,0.0
6,0.0
15,0.0
15,0.0
15,0.0
6,0.0006944444444444445
6,0.0
6,0.0
6,0.0
6,0.0
6,0.0
6,0.0
6,0.0
15,0.0
15,0.0
15,0.0
15,0.0
15,0.0
15,0.0
15,0.0
15,0.0
6,0.0006944444444444445
6,0.0
6,0.0
6,0.0
6,0.0
15,0.0
15,0.0
15,0.0
15,0.0
15,0.0
15,0.0
6,0.0006944444444444445
6,0.0
6,0.0
6,0.0
6,0.0
6,0.0
6,0.0
6,0.0
15,0.0
15,0.0
15,0.0
15,0.0
15,0.0
15,0.0
15,0.0
15,0.0
6,0.0006944444444444445
6,0.0
6,0.0
6,0.0
6,0.0
15,0.0
15,0.0
15,0.0
15,0.0
15,0.0
6,0.0006944444444444445
6,0.0
6,0.0
15,0.0
15,0.0
15,0.0
15,0.0
6,0.0006944444444444445
6,0.0
6,0.0
6,0.0
6,0.0
6,0.0
15,0.0
15,0.0
15,0.0
15,0.0
15,0.0
15,0.0
6,0.0006944444444444445
6,0.0
6,0.0
6,0.0
6,0.0
6,0.0
15,0.0
15,0.0
15,0.0
15,0.0
15,0.0
15,0.0
15,0.0
6,0.0006944444444444445
6,0.0
6,0.0
6,0.0
6,0.0
6,0.0
15,0.0
15,0.0
15,0.0
15,0.0
15,0.0
15,0.0
6,0.0006944444444444445
6,0.0
6,0.0
15,0.0
15,0.0
15,0.0
6,0.0006944444444444445
6,0.0
6,0.0
6,0.0
6,0.0
15,0.0
15,0.0
15,0.0
15,0.0
15,0.0
3,13.499305555555555
4,34.53402777777778
6,-30.04375
1,0.6506944444444445
3,14.348611111111111
4,7.375
5,71.66666666666667
6,-78.6375
1,0.33125
6,8.404861111111112
3,0.26319444444444445
4,27.639583333333334
5,32.360416666666666
1,0.3923611111111111
4,8.102777777777778
5,23.964583333333334
3,-24.460416666666667
6,-0.4465277777777778
6,0.001388888888888889
1,0.6375
2,0.010416666666666666
6,40.670138888888886
1,0.325
4,50.24861111111111
3,-47.574305555555554
5,48.422916666666666
6,-49.109722222222224
1,0.5326388888888889
3,83.50833333333334
6,2.4180555555555556
4,20.26527777777778
3,10.570833333333333
4,25.595833333333335
6,-22.0125
5,73.83958333333334
1,0.3541666666666667
3,0.6451388888888889
4,19.67361111111111
5,43.06666666666667
6,-62.00972222222222
16,2.747916666666667
6,27.985416666666666
3,15.614583333333334
6,0.3034722222222222
4,26.12986111111111
9,5.923611111111111
4,26.104166666666668
3,-21.527083333333334
6,-3.65625
1,1.3118055555555554
3,8.6875
6,0.4152777777777778
5,22.238888888888887
4,-22.179861111111112
15,0.0
15,0.0
15,0.0
15,0.0
15,0.0
15,0.0
15,0.0
15,0.0
15,0.0
6,0.0
3,7.094444444444444
5,70.65694444444445
4,-23.189583333333335
17,0.05763888888888889
7,36.94861111111111
1,0.31527777777777777
6,3.4118055555555555
3,2.272222222222222
5,63.65694444444444
4,-30.103472222222223
3,11.404861111111112
6,1.6152777777777778
4,-0.11388888888888889
9,5.1090277777777775
5,107.08611111111111
1,1.3694444444444445
3,3.629861111111111
4,12.28125
5,29.374305555555555
9,-0.5597222222222222
6,-37.541666666666664
1,4.688194444444444
3,9.352777777777778
6,3.5548611111111112
4,11.034722222222221
1,0.6826388888888889
4,22.928472222222222
3,-8.611805555555556
6,-0.45069444444444445
5,38.91111111111111
1,0.42916666666666664
2,0.12291666666666666
3,14.447222222222223
4,27.65972222222222
6,-27.34236111111111
3,21.134722222222223
6,0.44166666666666665
4,5.9125
9,28.119444444444444
1,0.46319444444444446
3,18.53611111111111
6,2.5548611111111112
4,22.945138888888888
6,21.791666666666668
3,20.481944444444444
4,10.500694444444445
6,15.197222222222223
3,1.2048611111111112
4,3.5770833333333334
3,2.4506944444444443
6,0.4625
4,5.024305555555555
1,0.42083333333333334
2,0.019444444444444445
3,7.600694444444445
6,0.3194444444444444
5,70.33611111111111
4,-65.91527777777777
1,0.21041666666666667
2,0.14583333333333334
4,10.141666666666667
3,-2.498611111111111
6,-0.4354166666666667
1,0.325
3,3.6743055555555557
6,2.807638888888889
4,3.547222222222222
1,0.7145833333333333
2,0.015277777777777777
3,16.269444444444446
4,18.45347222222222
6,-18.133333333333333
17,72.00138888888888
17,0.020833333333333332
17,8.910416666666666
17,0.12152777777777778
17,25.041666666666668
17,0.05277777777777778
3,10.411111111111111
17,2.422222222222222
1,0.0
17,0.0375
4,1.0319444444444446
5,36.20902777777778
17,48.97638888888889
17,0.7645833333333333
17,0.03888888888888889
1,1.4916666666666667
6,72.15347222222222
1,7.354166666666667
4,6.211805555555555
6,-4.221527777777778
5,22.115972222222222
3,0.5673611111111111
4,35.477777777777774
6,-30.096527777777776
3,15.613194444444444
6,0.5326388888888889
5,49.46736111111111
4,-43.72222222222222
3,6.5152777777777775
4,22.361805555555556
6,-21.970833333333335
9,29.033333333333335
5,20.1875
3,22.263194444444444
6,4.372222222222222
4,35.078472222222224
4,43.96875
3,-41.67777777777778
6,-0.5979166666666667
1,0.3909722222222222
3,1.6083333333333334
4,18.742361111111112
6,-18.010416666666668
5,20.70347222222222
1,0.3729166666666667
3,1.6263888888888889
6,3.3944444444444444
5,81.27708333333334
9,-0.16666666666666666
4,-69.82986111111111
1,0.6326388888888889
8,5.971527777777778
3,16.395138888888887
6,1.4
4,3.1305555555555555
6,23.87638888888889
3,43.418055555555554
4,5.457638888888889
6,-4.9215277777777775
2,3.078472222222222
4,24.09375
3,-0.6027777777777777
6,-0.5451388888888888
6,0.0
15,0.0
6,0.0006944444444444445
15,0.0
1,0.3840277777777778
3,2.6152777777777776
4,21.528472222222224
6,-18.145138888888887
5,59.35625
1,0.3576388888888889
4,35.327083333333334
3,-0.64375
5,36.68055555555556
9,-1.0847222222222221
6,-64.00694444444444
6,3.9868055555555557
3,0.5097222222222222
4,16.37152777777778
3,9.263194444444444
6,2.3472222222222223
5,59.37222222222222
4,-37.170138888888886
1,0.49583333333333335
3,17.50347222222222
6,0.48125
4,31.150694444444444
5,20.788194444444443
7,0.05277777777777778
20,15.078472222222222
11,10.45138888888889
12,4.406944444444444
5,30.593055555555555
1,0.3013888888888889
2,0.09583333333333334
3,19.602083333333333
8,0.4027777777777778
4,9.343055555555555
11,-2.745833333333333
6,-6.291666666666667
9,15.733333333333333
12,0.1951388888888889
17,0.02013888888888889
17,0.027777777777777776
17,37.87638888888889
3,3.433333333333333
1,2.3979166666666667
17,3.984722222222222
4,2.209722222222222
17,23.06736111111111
17,3.75
17,28.952083333333334
17,0.07847222222222222
17,29.915972222222223
17,0.010416666666666666
17,60.03472222222222
17,0.05277777777777778
17,63.045833333333334
17,0.005555555555555556
1,0.32013888888888886
4,5.997916666666667
3,-1.2770833333333333
6,-0.26944444444444443
5,29.946527777777778
6,23.913194444444443
1,0.41875
2,0.020833333333333332
6,5.8902777777777775
6,0.3326388888888889
3,0.3368055555555556
4,4.447222222222222
4,0.002777777777777778
1,0.3729166666666667
3,1.6263888888888889
6,1.7326388888888888
4,11.934027777777779
5,29.052083333333332
1,0.5631944444444444
3,17.477777777777778
4,41.484722222222224
6,-35.92986111111111
1,0.2013888888888889
2,0.26180555555555557
6,4.893055555555556
3,5.643055555555556
5,102.04166666666667
4,-101.57152777777777
1,0.36875
3,0.6305555555555555
4,40.449305555555554
5,22.207638888888887
6,-61.925
1,0.38125
3,1.6180555555555556
4,28.698611111111113
5,35.04097222222222
6,-62.44236111111111
3,21.500694444444445
4,12.519444444444444
6,-11.660416666666666
1,0.7138888888888889
2,0.017361111111111112
3,7.268055555555556
6,0.3326388888888889
4,3.165277777777778
16,2.747916666666667
1,0.7256944444444444
2,0.02638888888888889
6,22.979861111111113
3,0.2673611111111111
4,3.7041666666666666
1,0.3840277777777778
2,0.016666666666666666
6,4.011805555555555
3,2.5868055555555554
4,1.5847222222222221
2,1.8618055555555555
3,13.611805555555556
4,12.433333333333334
6,-8.759722222222223
9,15.77361111111111
1,0.42777777777777776
3,12.571527777777778
4,28.68611111111111
5,21.733333333333334
6,-48.986805555555556
1,0.33402777777777776
3,0.6652777777777777
4,8.69513888888889
5,35.765972222222224
6,-43.72430555555555
1,0.40069444444444446
2,4.2131944444444445
7,52.079861111111114
4,40.87361111111111
3,-36.52638888888889
6,-0.475
1,0.37222222222222223
3,1.6270833333333334
6,0.7270833333333333
4,23.754166666666666
5,3.9784722222222224
1,0.31180555555555556
4,45.37847222222222
3,-41.64930555555556
6,-0.2673611111111111
5,44.857638888888886
3,25.584027777777777
4,24.595833333333335
1,1.3423611111111111
6,9.386805555555556
3,1.270138888888889
5,21.461111111111112
4,-17.840972222222224
3,20.44236111111111
6,3.560416666666667
4,23.95486111111111
9,9.98263888888889
5,28.92222222222222
1,0.36875
4,42.14375
3,-35.513194444444444
6,-0.6291666666666667
5,80.325
1,1.1958333333333333
2,0.2611111111111111
6,11.904166666666667
3,0.6381944444444444
4,6.65
6,22.168055555555554
3,0.18333333333333332
4,10.536805555555556
1,0.3958333333333333
3,14.603472222222223
6,1.6534722222222222
4,28.075694444444444
5,22.69097222222222
17,0.9215277777777777
1,5.398611111111111
3,45.60069444444444
4,9.481944444444444
6,-1.882638888888889
3,11.347222222222221
6,2.4590277777777776
5,32.54097222222222
4,-30.613194444444446
1,0.42083333333333334
2,0.05138888888888889
4,18.14375
3,-5.616666666666666
6,-0.2604166666666667
9,36.736111111111114
7,0.2388888888888889
6,19.79513888888889
1,0.7465277777777778
4,48.88333333333333
3,-7.6305555555555555
6,-2.3583333333333334
1,1.4951388888888888
6,14.940972222222221
3,0.6048611111111111
4,36.42916666666667
3,16.259722222222223
4,6.354166666666667
6,-5.9125
6,12.041666666666666
9,21.990277777777777
7,20.81597222222222
6,49.170138888888886
1,0.4479166666666667
6,12.154166666666667
3,0.4388888888888889
4,34.545833333333334
1,0.36180555555555555
3,1.6375
6,1.4048611111111111
5,21.273611111111112
4,-15.05
3,20.441666666666666
6,2.4402777777777778
4,0.8326388888888889
5,63.14930555555556
1,0.3784722222222222
3,4.620833333333334
4,27.50486111111111
5,44.21458333333333
6,-70.27847222222222
6,7.204861111111111
1,0.38472222222222224
3,0.6145833333333334
6,1.738888888888889
5,91.30277777777778
4,-64.74236111111111
3,0.4909722222222222
6,5.334027777777778
5,50.385416666666664
4,-13.92361111111111
3,44.31041666666667
7,4.592361111111111
8,0.7118055555555556
4,35.265972222222224
6,-34.78611111111111
1,0.7263888888888889
6,14.925
1,1.3263888888888888
3,0.6729166666666667
4,0.7201388888888889
6,5.753472222222222
9,0.6701388888888888
5,8.596527777777778
1,2.6659722222222224
17,0.8923611111111112
6,49.99652777777778
6,20.81111111111111
6,8.04375
3,1.6395833333333334
6,4.631944444444445
4,0.7409722222222223
7,7.361111111111111
9,0.41458333333333336
5,28.571527777777778
1,0.23541666666666666
2,0.1736111111111111
6,1.1527777777777777
3,0.4375
4,6.249305555555556
9,14.231944444444444
5,63.238194444444446
1,0.45555555555555555
2,0.025694444444444443
4,48.18611111111111
3,-43.668055555555554
6,-0.59375
5,79.2923611111111
1,0.3993055555555556
2,0.030555555555555555
3,2.5694444444444446
4,6.468055555555556
5,84.24861111111112
9,-13.081944444444444
6,-77.3125
1,0.2569444444444444
3,11.74236111111111
6,0.7222222222222222
4,84.8125
1,0.3159722222222222
3,0.6833333333333333
6,0.7319444444444444
5,48.6875
4,-35.766666666666666
1,0.1840277777777778
2,0.2951388888888889
4,11.144444444444444
3,-5.624305555555556
6,-0.5993055555555555
8,15.118055555555555
3,0.2798611111111111
6,6.020833333333333
5,37.634027777777774
4,-29.44375
1,0.5375
6,19.99375
6,9.034722222222221
3,0.42569444444444443
5,19.691666666666666
4,-16.989583333333332
1,0.5972222222222222
8,19.875694444444445
8,0.1638888888888889
3,14.615972222222222
6,3.432638888888889
4,14.130555555555556
5,17.155555555555555
1,0.6270833333333333
6,7.686111111111111
3,57.68611111111111
4,0.43680555555555556
1,0.39375
3,3.6055555555555556
6,0.7277777777777777
5,59.272222222222226
4,-32.394444444444446
1,0.5819444444444445
6,19.81736111111111
1,0.48333333333333334
3,15.515972222222222
4,40.62430555555556
6,-33.985416666666666
1,0.36944444444444446
6,3.022222222222222
3,-1.3923611111111112
4,-0.23680555555555555
9,15.33611111111111
5,41.61944444444445
1,0.5375
7,0.11805555555555555
6,17.90486111111111
1,0.4479166666666667
3,28.551388888888887
5,73.04166666666667
4,-66.59236111111112
9,1.6993055555555556
6,-0.71875
1,1.6611111111111112
3,11.338194444444444
6,4.659722222222222
4,31.79513888888889
8,27.336805555555557
3,0.2701388888888889
4,27.593055555555555
6,-26.079166666666666
2,0.0
4,29.302777777777777
3,-1.6055555555555556
6,-26.574305555555554
1,0.6743055555555556
3,14.325
4,22.639583333333334
6,-21.283333333333335
1,0.5229166666666667
3,6.476388888888889
6,7.4631944444444445
4,21.21736111111111
5,31.319444444444443
1,0.47847222222222224
3,9.5625
4,37.479166666666664
6,-25.940277777777776
6,1.7666666666666666
3,0.6013888888888889
4,40.65694444444444
1,0.38333333333333336
3,0.6159722222222223
6,0.7409722222222223
4,8.761805555555556
5,64.53888888888889
1,0.4152777777777778
3,0.5840277777777778
6,5.581944444444445
5,38.83888888888889
4,-17.909027777777776
1,0.6229166666666667
4,71.03680555555556
3,-48.66041666666667
6,-0.20347222222222222
5,83.90069444444444
1,0.375
4,18.924305555555556
3,-13.3
5,16.589583333333334
6,-17.159027777777776
1,0.41041666666666665
2,0.029166666666666667
4,10.32638888888889
3,-4.725
5,70.65555555555555
6,-72.01805555555555
1,0.43125
3,1.5680555555555555
6,4.370833333333334
4,26.270138888888887
4,19.940277777777776
3,-2.4784722222222224
6,-0.3993055555555556
1,0.475
3,22.524305555555557
4,31.6
6,-27.150694444444444
1,0.19583333333333333
2,0.2361111111111111
6,1.9569444444444444
3,0.6104166666666667
4,1.5465277777777777
6,0.0006944444444444445
15,0.0
1,0.5833333333333334
16,7.981944444444444
1,0.4486111111111111
3,13.592361111111112
6,0.5458333333333333
4,34.951388888888886
9,5.95
5,29.209722222222222
1,0.7055555555555556
1,0.425
2,0.00625
3,10.568055555555556
4,26.67013888888889
6,-26.34027777777778
3,10.441666666666666
4,52.325694444444444
6,-50.90347222222222
6,14.159722222222221
3,7.348611111111111
5,102.04166666666667
9,-22.663888888888888
4,-77.6673611111111
1,0.3486111111111111
4,14.38263888888889
3,-0.7319444444444444
6,-0.6048611111111111
1,0.5027777777777778
16,22.127083333333335
6,0.0006944444444444445
6,4.1375
2,0.013194444444444444
3,3.313888888888889
8,2.3958333333333335
6,0.0
4,33.06805555555555
2,0.0
6,1.1444444444444444
3,8.497222222222222
4,5.514583333333333
2,0.0
8,1.11875
4,7.031944444444444
3,-6.502777777777778
6,-0.5263888888888889
1,1.582638888888889
6,12.08125
1,0.31319444444444444
7,0.10416666666666667
6,1.3131944444444446
1,0.7215277777777778
3,32.31944444444444
4,34.47847222222222
6,-32.735416666666666
1,0.31319444444444444
3,7.686111111111111
6,2.7444444444444445
4,22.744444444444444
1,0.38125
3,4.618055555555555
6,1.4708333333333334
4,34.15625
6,11.860416666666667
3,3.4194444444444443
4,4.379166666666666
9,8.722916666666666
5,56.61736111111111
4,13.34375
3,-3.740972222222222
6,-0.18680555555555556
1,0.4701388888888889
2,3.1729166666666666
3,18.35625
4,27.684722222222224
6,-27.363194444444446
1,1.3847222222222222
6,7.063194444444444
1,0.5798611111111112
7,6.821527777777778
3,14.639583333333333
6,0.4083333333333333
4,5.298611111111111
5,31.670833333333334
3,8.318055555555556
6,2.45
4,20.990277777777777
5,31.278472222222224
1,0.5458333333333333
6,27.815277777777776
6,1.3965277777777778
1,0.5354166666666667
8,1.0618055555555554
3,39.40208333333333
6,0.5368055555555555
4,4.924305555555556
6,4.957638888888889
3,0.60625
5,29.678472222222222
4,-27.39375
3,14.265972222222222
6,0.47638888888888886
4,29.156944444444445
3,7.565277777777778
6,0.5194444444444445
4,0.90625
9,12.338888888888889
5,51.65625
1,1.2534722222222223
2,0.1736111111111111
4,17.095833333333335
3,-4.523611111111111
6,-0.5125
1,0.3347222222222222
4,10.041666666666666
3,-2.377083333333333
5,19.647222222222222
6,-23.896527777777777
1,43.525
1,1.31875
6,2.4125
3,0.26805555555555555
4,22.633333333333333
9,9.778472222222222
1,0.5013888888888889
3,21.539583333333333
4,39.56875
6,-35.02847222222222
9,54.87152777777778
1,0.7340277777777777
3,14.306944444444444
6,0.60625
4,6.845833333333333
9,5.863194444444445
1,0.41180555555555554
16,16.374305555555555
1,0.44027777777777777
2,0.21875
6,24.958333333333332
3,0.3819444444444444
5,61.71944444444444
9,-30.977083333333333
4,-6.084722222222222
1,0.19236111111111112
2,0.19583333333333333
16,11.154861111111112
3,7.683333333333334
4,4.660416666666666
13,-0.8486111111111111
6,-3.317361111111111
5,98.20138888888889
1,0.49583333333333335
6,28.97361111111111
1,0.32708333333333334
6,1.4090277777777778
3,0.26319444444444445
4,0.7395833333333334
5,20.961111111111112
1,0.7354166666666667
4,6.825694444444444
3,-3.345138888888889
6,-3.373611111111111
5,34.02152777777778
17,0.04513888888888889
1,0.4152777777777778
6,31.18888888888889
1,0.3138888888888889
3,1.6854166666666666
6,1.3854166666666667
4,18.102083333333333
9,8.055555555555555
5,1.1340277777777779
1,0.4361111111111111
2,0.022222222222222223
6,29.102777777777778
3,0.43819444444444444
4,18.444444444444443
4,56.09930555555555
3,-35.56666666666667
6,-0.3819444444444444
3,1.3743055555555554
6,4.456944444444445
4,26.260416666666668
8,0.22708333333333333
6,0.8263888888888888
11,5.622222222222222
3,0.0
6,1.375
5,66.09375
13,-30.933333333333334
12,6.184027777777778
4,0.001388888888888889
4,-15.145833333333334
8,5.970833333333333
3,4.419444444444444
6,0.3472222222222222
6,0.0
5,59.65277777777778
4,-32.34652777777778
3,21.500694444444445
4,12.519444444444444
6,-11.660416666666666
3,9.402777777777779
4,7.677083333333333
6,-1.1347222222222222
5,72.49930555555555
1,0.3298611111111111
3,2.6694444444444443
4,35.68819444444444
5,12.967361111111112
9,-3.24375
6,-44.68194444444445
1,0.6479166666666667
6,34.91458333333333
6,38.384027777777774
1,0.3659722222222222
3,1.6333333333333333
4,19.48263888888889
6,-18.709027777777777
5,43.22638888888889
1,0.5819444444444445
6,19.81736111111111
1,0.37916666666666665
3,3.620138888888889
6,2.3916666666666666
4,28.161805555555556
1,0.33125
3,1.6680555555555556
6,5.3125
4,0.28125
5,14.063194444444445
3,2.61875
4,13.520833333333334
6,-5.939583333333333
3,6.579861111111111
6,1.5493055555555555
5,86.49236111111111
4,-42.3375
1,0.3548611111111111
3,5.644444444444445
4,1.3916666666666666
5,36.06875
6,-36.72986111111111
16,0.014583333333333334
1,0.5645833333333333
2,0.002777777777777778
3,11.431944444444444
8,2.4770833333333333
4,20.09236111111111
6,-14.184027777777779
9,31.959722222222222
5,46.696527777777774
3,0.425
6,1.3555555555555556
5,78.68611111111112
4,-59.46458333333333
1,1.2083333333333333
8,0.4861111111111111
3,21.304861111111112
6,1.5333333333333334
4,3.0256944444444445
9,9.996527777777779
1,0.3625
6,7.370138888888889
3,0.26666666666666666
4,8.693055555555556
4,36.03541666666667
3,-5.458333333333333
6,-3.604861111111111
1,0.7034722222222223
1,0.33611111111111114
3,4.663194444444445
6,3.2618055555555556
5,35.738194444444446
4,-35.56666666666667
1,0.3215277777777778
3,1.6777777777777778
4,33.59583333333333
5,24.144444444444446
6,-56.37222222222222
1,0.42083333333333334
2,0.1798611111111111
3,5.398611111111111
6,0.40555555555555556
4,1.1513888888888888
9,19.04722222222222
1,0.4736111111111111
3,14.567361111111111
4,0.6618055555555555
6,4.971527777777778
9,0.4701388888888889
5,58.89652777777778
3,17.513194444444444
6,3.738888888888889
5,54.980555555555554
4,-16.101388888888888
6,15.224305555555556
3,0.3034722222222222
4,12.457638888888889
1,0.39375
3,3.6055555555555556
6,0.7277777777777777
5,59.272222222222226
4,-32.394444444444446
1,0.1763888888888889
2,5.281944444444444
6,2.2736111111111112
3,0.2673611111111111
4,3.704861111111111
1,0.5340277777777778
6,27.948611111111113
3,23.558333333333334
4,33.59166666666667
9,3.8201388888888888
1,0.33402777777777776
3,2.665277777777778
4,19.509027777777778
5,43.145833333333336
6,-61.922222222222224
3,8.543055555555556
6,12.727777777777778
4,-11.100694444444445
9,11.470833333333333
19,4.7243055555555555
17,0.004861111111111111
1,0.4263888888888889
3,23.572916666666668
6,0.3923611111111111
4,17.243055555555557
5,74.40625
1,0.38680555555555557
3,0.6125
4,53.60347222222222
6,-52.975
9,73.82291666666667
5,17.26527777777778
1,0.6048611111111111
6,15.182638888888889
11,1.2118055555555556
3,0.0
5,11.41875
12,-0.001388888888888889
4,-8.94375
4,8.95138888888889
1,0.31527777777777777
3,1.6840277777777777
4,6.499305555555556
5,36.15763888888889
6,-38.328472222222224
1,21.32638888888889
6,4.402777777777778
3,4.570138888888889
4,28.452083333333334
6,-27.877777777777776
5,72.1451388888889
14,147.00069444444443
1,0.32083333333333336
4,0.39166666666666666
6,1.60625
9,0.42083333333333334
5,6.95625
1,0.5708333333333333
3,3.428472222222222
4,32.40694444444444
6,-29.980555555555554
1,0.3527777777777778
3,0.6465277777777778
6,1.31875
4,23.427777777777777
5,54.97222222222222
2,0.0
6,6.141666666666667
3,3.5125
4,5.386805555555555
1,0.6131944444444445
7,6.060416666666667
6,49.97291666666667
1,1.3895833333333334
3,0.6097222222222223
4,16.534027777777776
6,-15.156944444444445
9,33.30555555555556
5,52.03611111111111
1,0.4111111111111111
3,23.588194444444444
6,0.7020833333333333
4,6.913888888888889
1,0.35347222222222224
4,41.202083333333334
3,-35.55625
6,-1.2680555555555555
5,58.69097222222222
1,0.38055555555555554
4,28.304166666666667
3,-0.64375
6,-21.6125
9,57.208333333333336
5,1.0847222222222221
4,21.175
3,-12.603472222222223
6,-1.5638888888888889
1,0.29791666666666666
6,3.428472222222222
3,0.27291666666666664
5,60.0
4,-32.37777777777778
4,25.100694444444443
3,-10.558333333333334
6,-12.484722222222222
3,5.565972222222222
6,22.59236111111111
5,42.06388888888889
4,-30.222916666666666
1,0.31319444444444444
6,1.417361111111111
1,0.44027777777777777
3,5.559027777777778
4,35.727777777777774
6,-28.12986111111111
5,73.44375
1,0.5041666666666667
17,4.907638888888889
2,0.041666666666666664
6,6.907638888888889
3,5.638194444444444
5,102.04166666666667
4,-101.6138888888889
1,0.2534722222222222
2,0.19375
6,5.011111111111111
3,0.5409722222222222
4,1.6479166666666667
1,0.35694444444444445
3,1.6423611111111112
4,45.54097222222222
5,17.881944444444443
6,-63.02708333333333
1,0.41041666666666665
2,0.029861111111111113
6,9.042361111111111
3,0.5166666666666667
4,6.424305555555556
9,56.21041666666667
5,13.081944444444444
1,0.41597222222222224
2,0.02361111111111111
4,100.08888888888889
3,-96.52916666666667
6,-0.4722222222222222
5,97.12569444444445
6,19.8625
1,0.4076388888888889
3,10.633333333333333
4,1.6319444444444444
6,4.874305555555556
9,0.5965277777777778
3,16.367361111111112
6,4.713888888888889
4,-2.19375
9,2.5819444444444444
5,98.59444444444445
4,26.850694444444443
3,-12.342361111111112
6,-0.3284722222222222
6,1.1979166666666667
8,22.823611111111113
16,1.2152777777777777
1,0.5118055555555555
6,19.155555555555555
6,0.0
3,21.45
6,0.9347222222222222
4,49.796527777777776
17,0.8236111111111111
16,0.325
1,0.4930555555555556
6,58.10069444444444
6,11.522222222222222
6,15.010416666666666
3,27.35
4,62.56805555555555
9,4.84375
15,0.0
15,0.0
15,0.0
15,0.0
15,0.0
15,0.0
4,3.8305555555555557
15,-3.8291666666666666
5,39.63055555555555
3,-37.0
6,-2.6319444444444446
6,0.001388888888888889
3,2.4409722222222223
4,31.604166666666668
6,-31.15486111111111
3,5.6194444444444445
4,12.400694444444444
6,-11.659722222222221
6,0.0
11,0.2590277777777778
6,-0.25972222222222224
24,11.695833333333333
6,0.2972222222222222
6,0.0
9,0.3625
1,0.5
2,0.03263888888888889
6,3.886111111111111
3,0.5805555555555556
4,6.345833333333333
5,108.69583333333334
6,32.19236111111111
1,0.4625
40,0.3840277777777778
1,0.017361111111111112
6,7.1819444444444445
3,0.4215277777777778
4,5.7
4,36.06736111111111
3,-5.49375
6,-6.479166666666667
1,0.4041666666666667
2,0.17430555555555555
3,9.420833333333333
6,4.590972222222222
4,31.115972222222222
5,21.71388888888889
6,32.9
1,1.4236111111111112
4,74.16875
6,-58.03263888888889
3,28.48125
6,-28.481944444444444
5,93.48194444444445
1,1.2104166666666667
2,0.175
4,15.064583333333333
3,-13.450694444444444
6,-0.30486111111111114
9,36.78055555555556
1,0.5972222222222222
19,4.7243055555555555
17,0.004861111111111111
1,0.3548611111111111
3,4.644444444444445
4,52.77430555555556
3,-46.77430555555556
5,48.69166666666667
6,-51.94097222222222
4,50.03194444444444
6,-46.05555555555556
3,3.4069444444444446
6,5.618055555555555
5,35.12222222222222
4,-24.084722222222222
1,0.65
6,14.875694444444445
3,0.4736111111111111
5,99.04166666666667
4,-95.34791666666666
16,4.970833333333333
1,0.6423611111111112
3,9.356944444444444
6,3.4694444444444446
4,36.1125
9,15.915277777777778
1,0.3611111111111111
6,33.37986111111111
3,24.464583333333334
6,1.4826388888888888
4,4.157638888888889
4,13.922222222222222
3,-4.3694444444444445
5,106.04166666666667
6,-107.59861111111111
2,1.1270833333333334
6,12.919444444444444
3,0.4638888888888889
4,0.7305555555555555
3,13.605555555555556
6,6.402083333333334
4,4.011805555555555
7,0.95625
3,0.6256944444444444
6,0.7430555555555556
5,55.93263888888889
7,-27.110416666666666
7,0.003472222222222222
9,9.840972222222222
4,-12.792361111111111
1,0.4354166666666667
3,6.563888888888889
6,0.34375
4,42.39930555555556
1,2.7243055555555555
6,0.6034722222222222
4,37.107638888888886
15,-37.10208333333333
3,8.453472222222222
5,100.04166666666667
6,-108.49513888888889
1,0.6
6,24.966666666666665
1,0.6993055555555555
3,43.34166666666667
4,4.611805555555556
5,20.89236111111111
6,-21.694444444444443
1,0.34791666666666665
3,0.6513888888888889
4,24.52777777777778
6,-21.799305555555556
1,0.7576388888888889
6,14.897916666666667
3,1.34375
4,27.504166666666666
9,5.852777777777778
1,0.21666666666666667
3,4.782638888888889
6,2.6013888888888888
4,1.0361111111111112
9,57.83819444444445
6,20.009722222222223
1,0.6020833333333333
3,9.397222222222222
6,3.564583333333333
5,59.15416666666667
9,-58.202777777777776
4,-0.8694444444444445
3,3.2694444444444444
6,2.642361111111111
4,45.731944444444444
1,4.6409722222222225
3,6.358333333333333
6,0.40347222222222223
4,1.351388888888889
8,19.133333333333333
6,0.8138888888888889
3,20.645833333333332
4,39.47083333333333
2,3.173611111111111
4,30.83888888888889
3,-1.5555555555555556
6,-0.4076388888888889
8,22.000694444444445
3,0.5729166666666666
4,19.660416666666666
5,45.75972222222222
6,-58.697916666666664
19,4.7243055555555555
17,0.004861111111111111
4,56.15972222222222
3,-39.572916666666664
6,-6.307638888888889
5,71.30763888888889
6,6.0625
3,-3.55625
4,-0.21944444444444444
9,3.963888888888889
5,30.71527777777778
2,0.8222222222222222
3,15.63125
6,0.5923611111111111
4,3.884027777777778
9,10.079166666666667
1,0.38819444444444445
3,2.611111111111111
11,0.0
4,18.481944444444444
5,29.06388888888889
4,-0.0006944444444444445
12,0.0006944444444444445
6,-47.02847222222222
9,47.03194444444444
5,16.125694444444445
1,0.6854166666666667
6,31.786805555555556
3,1.5270833333333333
4,64.48819444444445
9,17.96527777777778
6,7.054861111111111
3,2.5368055555555555
5,63.72013888888889
4,-43.1125
1,0.41041666666666665
1,0.7479166666666667
6,37.77569444444445
6,0.36875
3,13.572916666666666
4,1.5722222222222222
6,5.2131944444444445
9,0.30833333333333335
1,0.4083333333333333
6,28.10902777777778
3,0.48194444444444445
4,1.7451388888888888
6,0.13680555555555557
15,0.0
3,17.32638888888889
4,28.725
1,0.42986111111111114
3,1.5694444444444444
6,0.5465277777777777
4,26.880555555555556
1,3.3645833333333335
6,27.210416666666667
3,2.4243055555555557
4,31.472916666666666
1,0.33958333333333335
2,0.31666666666666665
4,44.9625
3,-37.577777777777776
6,-0.4513888888888889
1,4.299305555555556
6,7.024305555555555
1,3.625
6,34.89375
1,11.590972222222222
3,31.45
6,0.4486111111111111
4,63.05138888888889
1,0.6715277777777777
4,14.805555555555555
3,-6.477777777777778
6,-0.6840277777777778
9,50.15972222222222
1,0.1798611111111111
2,0.2708333333333333
6,4.996527777777778
3,0.59375
4,1.6256944444444446
1,0.3333333333333333
4,49.21736111111111
3,-38.55138888888889
5,59.420833333333334
6,-63.67638888888889
6,6.230555555555555
3,1.2034722222222223
4,5.475694444444445
1,0.18194444444444444
2,0.2652777777777778
4,8.001388888888888
3,-2.4493055555555556
6,-0.5173611111111112
1,0.3840277777777778
8,11.256944444444445
8,10.04375
10,2.0229166666666667
4,22.82986111111111
3,-9.538194444444445
5,36.71875
9,-15.202777777777778
6,-33.134027777777774
6,38.855555555555554
1,1.332638888888889
3,0.6666666666666666
6,0.7291666666666666
5,44.010416666666664
4,-24.018055555555556
1,0.6208333333333333
3,20.37847222222222
4,42.384027777777774
6,-41.83680555555556
3,1.617361111111111
4,31.5125
5,32.4875
6,-63.27291666666667
6,9.038194444444445
3,0.47430555555555554
4,7.469444444444444
1,0.3263888888888889
3,0.6729166666666667
4,17.611805555555556
6,-16.877777777777776
3,15.577083333333333
6,0.5743055555555555
4,27.920833333333334
9,6.172916666666667
3,22.34375
6,6.519444444444445
4,22.945138888888888
5,35.53541666666667
6,1.2152777777777777
3,4.367361111111111
4,2.410416666666667
5,57.30972222222222
6,3.1347222222222224
3,0.5090277777777777
4,34.475
1,0.56875
3,3.4305555555555554
4,1.3895833333333334
5,36.330555555555556
6,-36.977777777777774
1,0.21388888888888888
2,0.18472222222222223
6,2.1680555555555556
3,0.4326388888888889
5,69.71944444444445
9,-0.2013888888888889
4,-61.921527777777776
1,1.3583333333333334
3,0.6409722222222223
6,1.3694444444444445
4,28.927083333333332
5,64.74513888888889
4,17.29722222222222
3,-1.6819444444444445
6,-0.5333333333333333
1,0.61875
1,29.313194444444445
6,8.013194444444444
5,9.345138888888888
3,-7.6722222222222225
4,-0.25972222222222224
2,1.9666666666666666
4,26.091666666666665
3,-0.75625
6,-0.5138888888888888
4,20.947222222222223
3,-4.355555555555555
6,-8.427083333333334
5,114.46875
1,0.37777777777777777
3,3.6215277777777777
4,30.56875
6,-29.83125
9,47.674305555555556
3,9.645138888888889
6,9.3375
5,53.6625
9,-28.395833333333332
4,-9.15
1,0.3798611111111111
3,7.6194444444444445
6,1.7229166666666667
4,20.877777777777776
3,17.290972222222223
6,4.60625
4,6.760416666666667
3,30.436805555555555
6,2.5319444444444446
4,1.1979166666666667
3,0.6152777777777778
6,0.7284722222222222
4,3.79375
5,16.205555555555556
1,0.16458333333333333
2,0.4895833333333333
3,3.345138888888889
6,0.4638888888888889
4,48.238194444444446
6,29.10625
3,10.39236111111111
4,1.726388888888889
1,0.5805555555555556
2,0.06875
4,9.109027777777778
3,-1.7173611111111111
6,-0.4548611111111111
9,51.047916666666666
5,13.081944444444444
1,0.40347222222222223
6,3.9791666666666665
3,3.6166666666666667
5,61.71944444444444
4,-37.09791666666667
6,20.802777777777777
1,0.3347222222222222
4,38.16597222222222
3,-24.50138888888889
5,51.65416666666667
6,-54.923611111111114
1,0.3298611111111111
3,7.669444444444444
5,23.656944444444445
6,-21.84722222222222
9,0.2833333333333333
4,-1.56875
6,4.9534722222222225
3,25.44097222222222
4,30.66111111111111
6,-28.04375
9,40.87986111111111
6,1.8736111111111111
3,18.656944444444445
5,27.50138888888889
4,-25.993055555555557
20,4.904861111111111
1,0.5569444444444445
2,0.016666666666666666
4,28.975694444444443
3,-21.55
6,-0.5305555555555556
4,6.885416666666667
15,-6.885416666666667
15,0.00625
5,30.846527777777776
15,-30.845833333333335
15,0.0
15,0.0
15,0.0
6,0.775
15,0.0
6,0.004166666666666667
15,0.0
6,0.0006944444444444445
15,0.0
6,0.011111111111111112
15,0.0
15,0.0
15,0.0
15,0.0
15,0.0
6,0.9798611111111111
6,0.0
6,0.0
15,0.0
15,0.0
15,0.0
6,0.015277777777777777
15,0.0
15,0.0
3,1.5979166666666667
6,2.3055555555555554
6,0.0
15,0.0
15,0.0
6,0.05
15,0.0
6,0.0006944444444444445
6,0.0
15,0.0
15,0.0
15,0.0
6,-5.747222222222222
4,6.886111111111111
6,-6.879166666666666
1,2.501388888888889
6,59.25694444444444
6,28.880555555555556
6,0.0
6,0.0
6,0.0
6,0.0
6,0.0
6,0.0
6,0.0
6,0.0
6,0.0006944444444444445
6,0.0
6,0.0
6,0.0
6,0.0
6,0.0
6,0.0
6,0.0
6,0.0
6,0.0
6,0.0
6,0.0
6,0.0
6,0.0
6,0.0
6,0.0
6,0.0
6,0.0
6,0.0
6,0.0
6,0.0
6,0.0
6,0.0
6,0.0
6,0.0
6,0.0
6,0.0
6,0.0
6,0.0006944444444444445
6,0.0
6,0.0
6,0.0
6,0.0
6,0.0
6,0.0
6,0.0
6,0.0
6,0.0
6,0.0
6,0.0
6,0.0
6,0.0
6,0.0
6,0.0
6,0.0
6,0.0
6,0.0
6,0.0
6,0.0
6,0.0
6,0.0
6,0.0
6,0.0
6,0.0
6,0.0
6,0.0006944444444444445
6,0.0
6,0.0
6,0.0
6,0.0
6,0.0
6,0.0
6,0.0
6,0.0
6,0.0
6,0.0
6,0.0
6,0.0
6,0.0
6,0.0
6,0.0
6,0.0
6,0.0
6,0.0
6,0.0
6,0.0
6,0.0
6,0.0
6,0.0
6,0.0
6,0.0006944444444444445
6,0.0
6,0.0
6,0.0
6,0.0
6,0.0
6,0.0
6,0.0
6,0.0
6,0.0
6,0.0
1,5.60625
3,13.393055555555556
6,0.5375
4,42.142361111111114
1,1.3784722222222223
3,26.620833333333334
4,1.676388888888889
1,5.309722222222222
3,2.689583333333333
4,8.317361111111111
5,34.33958333333333
6,-37.34513888888889
1,0.6652777777777777
2,0.003472222222222222
16,3.7784722222222222
3,43.56319444444444
4,4.411111111111111
1,0.42777777777777776
4,20.21527777777778
3,-4.64375
5,42.422916666666666
6,-52.69097222222222
1,0.1763888888888889
2,0.3715277777777778
4,11.978472222222223
3,-6.527083333333334
6,-0.6048611111111111
1,0.5819444444444445
8,0.06597222222222222
3,22.351388888888888
4,21.603472222222223
6,-19.97361111111111
9,32.1125
5,38.67986111111111
3,4.531944444444444
6,2.451388888888889
4,38.22152777777778
1,0.3
6,4.011805555555555
3,0.6875
5,23.727083333333333
4,-22.09722222222222
4,37.138888888888886
3,-1.632638888888889
6,-7.275
1,0.3819444444444444
3,7.617361111111111
4,3.4277777777777776
6,-0.91875
19,4.7243055555555555
17,0.004861111111111111
3,32.39513888888889
6,0.5006944444444444
5,79.54097222222222
4,-45.509027777777774
3,3.560416666666667
4,17.583333333333332
6,-7.040277777777778
1,0.41597222222222224
1,0.3680555555555556
6,1.3576388888888888
3,0.27361111111111114
4,33.43680555555556
5,35.21875
1,0.43680555555555556
2,0.02361111111111111
4,9.21111111111111
3,-5.6722222222222225
6,-0.3902777777777778
5,69.81180555555555
1,0.4354166666666667
8,1.1729166666666666
16,22.875694444444445
4,52.7
3,-39.56319444444444
6,-1.613888888888889
1,0.20555555555555555
2,0.21944444444444444
6,2.0055555555555555
3,1.56875
4,0.5104166666666666
1,0.5736111111111111
6,24.895138888888887
1,7.6194444444444445
17,3.107638888888889
4,2.50625
17,24.288194444444443
17,0.06458333333333334
4,31.01597222222222
3,-16.48472222222222
6,-0.5152777777777777
1,0.36875
3,3.6305555555555555
6,3.3819444444444446
4,55.261805555555554
5,3.0756944444444443
4,16.125
3,-13.571527777777778
5,77.72083333333333
6,-78.18194444444444
3,10.540277777777778
4,17.560416666666665
6,-15.067361111111111
6,19.257638888888888
6,18.995833333333334
3,0.4444444444444444
4,35.548611111111114
3,4.531944444444444
4,40.672916666666666
6,-38.22152777777778
17,0.001388888888888889
1,1.1965277777777779
2,0.2125
6,10.090972222222222
3,0.49930555555555556
5,89.71666666666667
9,-13.081944444444444
4,-74.1451388888889
6,10.950694444444444
3,6.452083333333333
4,28.495833333333334
5,16.222916666666666
17,0.8798611111111111
3,43.44097222222222
6,3.5194444444444444
4,2.111111111111111
2,0.9423611111111111
3,12.594444444444445
4,18.454166666666666
6,-17.014583333333334
9,17.272916666666667
1,0.3486111111111111
7,9.290277777777778
4,5.092361111111111
3,-0.7319444444444444
6,-0.6048611111111111
1,0.4375
6,60.97152777777778
1,0.34652777777777777
2,1.0451388888888888
6,25.058333333333334
1,0.47291666666666665
3,4.526388888888889
5,23.647916666666667
6,-22.10902777777778
9,0.5631944444444444
4,-0.7027777777777777
1,0.39791666666666664
3,1.601388888888889
4,18.40972222222222
6,-17.735416666666666
1,0.43194444444444446
2,0.043055555555555555
3,4.524305555555555
6,0.40069444444444446
5,64.25625
9,-29.209722222222222
4,-1.011111111111111
6,14.936111111111112
3,6.6618055555555555
4,3.6527777777777777
9,3.7888888888888888
1,1.3263888888888888
3,0.6729166666666667
4,15.3625
5,36.35625
6,-49.34930555555555
1,1.257638888888889
2,0.25763888888888886
4,20.16875
3,-2.6847222222222222
6,-0.46875
4,23.222916666666666
3,-1.68125
5,44.739583333333336
9,-37.638888888888886
6,-13.57638888888889
6,20.866666666666667
7,6.236805555555556
19,4.7243055555555555
17,0.004861111111111111
1,0.36736111111111114
4,1.4145833333333333
11,0.21736111111111112
3,0.0
6,4.311805555555556
12,9.41388888888889
5,0.0006944444444444445
4,0.005555555555555556
5,29.727777777777778
4,53.01875
3,-34.63333333333333
6,-0.6236111111111111
15,0.0
15,0.0
15,0.0
15,0.0
15,0.0
15,0.0
15,0.0
15,0.0
6,0.0
15,0.0006944444444444445
15,0.0
15,0.0
15,0.0
15,0.0
15,0.0
6,0.0
15,0.9986111111111111
15,0.0
15,0.0
15,0.0
15,0.0
15,0.0
15,0.0
15,0.0
15,0.0
15,0.0
15,0.0
15,0.0
6,0.0
6,5.332638888888889
3,3.2868055555555555
4,2.386111111111111
5,17.261805555555554
1,0.30833333333333335
3,0.6909722222222222
4,12.73263888888889
6,-9.381944444444445
5,16.34027777777778
1,0.5631944444444444
2,0.12083333333333333
6,25.877777777777776
4,6.1375
3,-3.5340277777777778
5,20.461111111111112
6,-20.625
6,14.998611111111112
1,0.2048611111111111
2,0.225
3,1.5694444444444444
4,29.40972222222222
6,-26.947916666666668
5,49.53819444444444
3,6.591666666666667
6,0.5534722222222223
5,115.48819444444445
4,-113.42152777777778
8,24.042361111111113
17,5.114583333333333
8,59.84652777777778
6,0.23541666666666666
1,0.3993055555555556
6,14.221527777777778
3,0.4201388888888889
4,1.5486111111111112
1,0.22291666666666668
2,0.23125
6,4.9534722222222225
3,0.5916666666666667
4,0.6291666666666667
6,13.171527777777778
3,1.2805555555555554
5,66.0
9,-59.897222222222226
4,-4.917361111111111
1,2.6805555555555554
3,10.31875
6,0.4097222222222222
5,51.202083333333334
9,-20.1875
4,-10.884027777777778
1,0.94375
2,0.004861111111111111
6,11.702777777777778
3,0.34791666666666665
5,74.04166666666667
4,-71.37083333333334
3,13.53125
4,7.664583333333334
6,-6.847222222222222
6,1.992361111111111
3,7.590277777777778
4,11.463194444444444
1,2.4159722222222224
7,0.0
8,0.0
6,8.052777777777777
3,6.530555555555556
4,14.417361111111111
1,0.45416666666666666
6,28.193055555555556
8,2.7756944444444445
6,6.073611111111111
1,0.4465277777777778
4,77.20347222222222
3,-48.65069444444445
5,95.04166666666667
6,-95.50902777777777
6,13.8375
3,1.332638888888889
4,25.49652777777778
9,5.860416666666667
16,3.111111111111111
8,0.8013888888888889
8,4.093055555555556
17,0.22013888888888888
8,58.02013888888889
6,0.6659722222222222
3,8.540972222222223
4,23.197916666666668
6,-22.769444444444446
1,1.1958333333333333
2,3.26875
4,16.138194444444444
3,-6.603472222222222
6,-0.6402777777777777
1,2.6333333333333333
17,0.15833333333333333
4,0.6145833333333334
1,0.5958333333333333
2,0.025
6,5.944444444444445
3,0.4340277777777778
4,25.53263888888889
5,67.50902777777777
3,8.374305555555555
6,1.4013888888888888
4,5.073611111111111
1,0.4527777777777778
2,0.06458333333333334
4,14.911805555555556
3,-4.429861111111111
6,0.32083333333333336
6,0.12569444444444444
3,0.5534722222222223
6,-1.4361111111111111
4,5.032638888888889
4,9.885416666666666
9,40.99375
4,32.99930555555556
3,-24.62013888888889
5,54.739583333333336
6,-55.175
1,0.33055555555555555
3,2.66875
5,19.678472222222222
6,-14.94513888888889
9,1.3708333333333333
4,-2.425
3,38.452083333333334
4,28.46527777777778
6,-24.754166666666666
1,6.345833333333333
17,0.04583333333333333
17,3.048611111111111
7,0.0
17,0.22569444444444445
4,0.07847222222222222
1,0.5423611111111111
2,0.017361111111111112
3,6.439583333333333
6,0.3263888888888889
5,64.39305555555555
4,-43.02708333333333
1,0.3861111111111111
3,4.613194444444445
6,0.73125
5,50.00833333333333
4,-22.174305555555556
6,0.0006944444444444445
6,0.0
6,0.0
6,0.0
15,0.0
15,0.0
15,0.0
15,0.0
3,2.598611111111111
4,8.670833333333333
5,35.329166666666666
6,-38.50208333333333
7,4.008333333333334
6,6.789583333333334
1,0.33125
4,6.230555555555555
3,-1.5625
6,-3.267361111111111
5,27.645833333333332
1,1.3729166666666666
3,1.6263888888888889
4,47.44166666666667
5,10.215277777777779
6,-57.327777777777776
1,0.4201388888888889
3,5.579166666666667
4,29.46736111111111
5,3.029861111111111
6,-30.899305555555557
1,1.3805555555555555
6,17.113888888888887
6,12.16388888888889
1,0.49027777777777776
4,65.22777777777777
3,-56.71875
6,-0.43194444444444446
9,87.88541666666667
1,0.19583333333333333
3,14.803472222222222
4,4.559027777777778
20,-3.020138888888889
6,0.0006944444444444445
6,-0.0006944444444444445
9,13.016666666666667
1,0.3527777777777778
5,43.64652777777778
3,-39.0
4,-0.20277777777777778
9,1.7458333333333333
6,-0.22847222222222222
6,16.995833333333334
1,0.7208333333333333
2,0.01875
3,30.259722222222223
6,0.31666666666666665
4,4.302083333333333
3,13.582638888888889
4,36.43819444444444
6,-35.790277777777774
9,39.70902777777778
1,0.5041666666666667
17,4.907638888888889
2,0.04097222222222222
6,0.015277777777777777
3,0.53125
4,5.420833333333333
5,108.62083333333334
1,4.503472222222222
3,4.495833333333334
6,3.526388888888889
5,93.17013888888889
4,-92.32083333333334
1,0.43472222222222223
7,0.029166666666666667
8,0.0
8,12.978472222222223
3,0.5569444444444445
4,1.3798611111111112
6,-0.7159722222222222
5,71.37777777777778
1,0.2125
2,0.25277777777777777
4,8.120138888888889
3,-1.586111111111111
6,-2.5729166666666665
1,0.19930555555555557
2,0.22013888888888888
16,0.2361111111111111
1,0.38680555555555557
2,0.022916666666666665
6,7.44375
3,0.14583333333333334
4,35.541666666666664
3,3.560416666666667
4,17.583333333333332
6,-7.040277777777778
6,0.9055555555555556
3,3.672222222222222
4,12.623611111111112
5,26.824305555555554
3,36.53333333333333
4,22.252083333333335
6,-16.666666666666668
6,50.05763888888889
3,1.5048611111111112
4,3.4229166666666666
5,67.61875
6,0.0
15,0.0
6,0.0006944444444444445
6,0.0
6,0.0
6,0.0
6,0.0
6,0.0
6,0.0
15,0.0
15,0.0
15,0.0
15,0.0
15,0.0
15,0.0
15,0.0
15,0.0
6,0.0006944444444444445
6,0.0
6,0.0
6,0.0
15,0.0
15,0.0
15,0.0
15,0.0
15,0.0
7,0.10208333333333333
3,23.45138888888889
4,12.649305555555555
6,-5.177083333333333
1,2.571527777777778
2,0.002777777777777778
3,20.425
6,1.4791666666666667
4,8.238888888888889
6,0.02013888888888889
15,0.0
3,9.55625
3,14.0
4,24.586111111111112
4,16.13888888888889
1,0.3263888888888889
3,2.6729166666666666
5,19.740277777777777
6,-17.01527777777778
9,0.37222222222222223
4,-0.4527777777777778
1,0.7958333333333333
8,0.8368055555555556
6,64.10972222222222
1,0.3326388888888889
6,12.440972222222221
3,0.2673611111111111
4,19.74513888888889
5,16.632638888888888
1,0.33958333333333335
3,1.6597222222222223
6,0.38333333333333336
4,13.22638888888889
5,21.772222222222222
1,13.565972222222221
3,20.475
6,2.388888888888889
4,8.210416666666667
6,0.0763888888888889
1,0.31180555555555556
3,0.6875
6,2.734027777777778
5,37.921527777777776
4,-30.338194444444444
1,1.3819444444444444
3,39.61736111111111
6,0.5625
4,0.9354166666666667
1,3.372916666666667
2,0.09027777777777778
6,3.0395833333333333
3,0.4965277777777778
4,0.6701388888888888
1,0.4576388888888889
3,23.541666666666668
4,1.5006944444444446
5,35.49930555555556
6,-35.605555555555554
6,9.808333333333334
3,3.673611111111111
4,18.383333333333333
5,30.273611111111112
1,0.17847222222222223
2,0.3277777777777778
4,9.00625
3,-5.513194444444444
6,-1.6347222222222222
1,0.38263888888888886
5,17.052777777777777
3,-12.436111111111112
6,2.442361111111111
9,0.31527777777777777
4,-3.0444444444444443
1,10.474305555555556
17,0.004166666666666667
4,0.9583333333333334
17,11.901388888888889
17,0.07777777777777778
3,5.283333333333333
4,7.506944444444445
6,-6.950694444444444
5,27.947916666666668
1,0.32569444444444445
3,0.6736111111111112
6,2.7666666666666666
5,16.924305555555556
4,-16.013194444444444
1,0.37569444444444444
2,1.01875
4,40.93263888888889
3,-38.327777777777776
5,61.65694444444444
6,-63.03125
27,0.04236111111111111
28,0.0
29,0.0
30,0.0
31,0.0
32,0.0
1,0.0
6,12.98125
1,0.18611111111111112
2,0.2902777777777778
4,10.10625
3,-4.583333333333333
5,100.04166666666667
6,-100.55833333333334
1,0.6625
6,34.94444444444444
3,0.4340277777777778
4,27.589583333333334
1,0.7868055555555555
8,46.7375
6,4.822916666666667
3,11.69375
7,2.6416666666666666
4,25.000694444444445
1,0.7125
8,11.970138888888888
4,8.874305555555555
3,-5.557638888888889
6,-0.34444444444444444
9,10.92986111111111
5,101.11111111111111
1,0.3263888888888889
3,0.6729166666666667
6,2.3694444444444445
5,49.34930555555555
4,-36.35625
1,0.3854166666666667
2,0.0625
6,4.252083333333333
3,0.29930555555555555
4,13.45
9,23.025694444444444
1,0.6194444444444445
6,97.00069444444445
1,4.669444444444444
3,13.32986111111111
4,5.615972222222222
6,-5.227083333333334
5,20.989583333333332
3,0.32222222222222224
4,27.625694444444445
5,55.09375
6,-79.13333333333334
1,0.5888888888888889
3,47.41041666666667
6,11.420833333333333
4,3.032638888888889
4,23.209027777777777
3,-1.7020833333333334
6,-6.236805555555556
1,0.33958333333333335
3,1.6597222222222223
4,13.609722222222222
6,-13.22638888888889
5,34.99861111111111
3,21.57986111111111
5,39.0
9,-21.31736111111111
4,-17.24513888888889
6,51.12291666666667
3,21.330555555555556
6,7.516666666666667
4,13.94513888888889
3,8.51388888888889
6,11.488194444444444
4,0.04583333333333333
13,0.9194444444444444
5,65.26597222222222
1,0.20555555555555555
16,0.30625
40,1.6298611111111112
1,0.025
4,31.00138888888889
3,-4.656944444444444
6,-0.3416666666666667
1,0.3784722222222222
3,1.6208333333333333
4,12.400694444444444
6,-11.666666666666666
5,19.956944444444446
1,0.3541666666666667
3,3.645138888888889
6,0.3326388888888889
4,38.22152777777778
5,20.86875
1,0.40347222222222223
8,6.283333333333333
3,14.354166666666666
6,0.49375
4,6.967361111111111
2,0.0
6,1.1472222222222221
3,28.547916666666666
4,1.6715277777777777
1,0.6534722222222222
3,10.345833333333333
4,6.516666666666667
5,48.14652777777778
6,-52.18611111111111
3,2.5965277777777778
4,45.767361111111114
5,32.27430555555556
6,-71.71319444444444
6,13.771527777777777
3,0.40625
4,24.536805555555556
9,7.592361111111111
5,17.29375
3,7.581944444444445
6,13.590972222222222
4,8.961805555555555
5,21.87013888888889
6,14.985416666666667
1,0.3861111111111111
16,0.2659722222222222
1,1.4104166666666667
2,0.029166666666666667
6,8.9125
3,4.688888888888889
4,6.504166666666666
6,7.871527777777778
3,0.6520833333333333
4,1.5763888888888888
6,9.808333333333334
3,3.673611111111111
4,18.383333333333333
5,30.273611111111112
3,3.595138888888889
6,0.4423611111111111
4,45.21527777777778
1,0.8097222222222222
6,8.952777777777778
6,1.7645833333333334
6,4.197916666666667
1,0.40902777777777777
2,0.07013888888888889
3,1.520138888888889
6,0.3173611111111111
4,6.253472222222222
1,0.225
3,14.774305555555555
4,9.419444444444444
5,64.00208333333333
6,-71.73541666666667
1,0.4409722222222222
2,0.019444444444444445
3,2.5388888888888888
4,5.575
5,72.12222222222222
6,-77.37152777777777
1,1.66875
8,3.995138888888889
3,7.377083333333333
6,0.47430555555555554
4,36.111111111111114
9,5.861805555555556
5,29.209027777777777
1,0.5298611111111111
2,0.16944444444444445
3,14.3
6,0.31805555555555554
4,25.19375
5,37.208333333333336
4,36.03680555555555
3,-5.4631944444444445
6,-3.5972222222222223
4,40.666666666666664
3,-25.49652777777778
6,-1.332638888888889
9,32.68958333333333
1,1.4701388888888889
6,8.96111111111111
3,0.5680555555555555
7,3.3541666666666665
4,7.120833333333334
3,9.532638888888888
4,3.525
1,0.3326388888888889
3,3.6666666666666665
4,26.654166666666665
5,28.085416666666667
6,-52.00833333333333
1,0.3909722222222222
4,34.27361111111111
3,-22.665277777777778
5,50.65625
6,-52.15555555555556
1,1.4076388888888889
3,7.591666666666667
4,24.50138888888889
5,86.21458333333334
9,-17.264583333333334
6,-89.85694444444445
1,0.36041666666666666
6,1.3743055555555554
3,0.26458333333333334
5,15.378472222222221
4,-14.911805555555556
8,0.001388888888888889
3,9.4
6,5.935416666666667
4,35.80555555555556
9,1.7006944444444445
4,15.0375
3,-2.463888888888889
5,45.0
6,-53.59236111111111
2,1.6805555555555556
3,13.636805555555556
4,1.4958333333333333
6,-1.0708333333333333
1,0.5277777777777778
2,0.018055555555555554
6,5.0472222222222225
3,0.40625
5,77.71944444444445
9,-63.238194444444446
4,-13.926388888888889
1,0.38958333333333334
3,1.6097222222222223
6,5.3277777777777775
5,70.39166666666667
4,-70.05833333333334
1,0.5770833333333333
1,0.3368055555555556
3,0.6625
4,37.7375
5,60.00625
9,-2.296527777777778
6,-89.72291666666666
1,0.3972222222222222
8,5.052083333333333
3,23.55
4,41.66597222222222
13,-22.28611111111111
5,56.31736111111111
9,-29.208333333333332
6,-44.05902777777778
6,13.175
1,0.40694444444444444
2,0.022916666666666665
4,42.046527777777776
3,-6.435416666666667
6,-0.32569444444444445
9,51.91875
5,13.081944444444444
1,0.7569444444444444
2,0.6493055555555556
4,6.089583333333334
3,-3.4965277777777777
6,-0.5958333333333333
5,112.6375
7,0.004861111111111111
17,0.011111111111111112
7,8.827083333333333
17,26.794444444444444
1,0.0
17,0.06458333333333334
1,0.3923611111111111
16,1.9694444444444446
1,0.3659722222222222
3,1.6333333333333333
6,3.3430555555555554
5,52.65694444444444
4,-31.427777777777777
1,0.34791666666666665
4,45.29236111111111
3,-43.640972222222224
5,44.422916666666666
6,-44.68333333333333
1,0.43333333333333335
2,0.03819444444444445
4,11.10763888888889
3,-8.57986111111111
6,-0.44513888888888886
9,70.96319444444444
5,0.2013888888888889
1,0.3909722222222222
3,1.6083333333333334
4,18.742361111111112
6,-18.010416666666668
5,20.70347222222222
3,5.582638888888889
6,0.3888888888888889
4,6.366666666666666
5,66.28611111111111
2,0.0
6,14.291666666666666
3,31.649305555555557
6,2.7291666666666665
5,27.948611111111113
4,-27.220833333333335
3,3.3743055555555554
6,3.4916666666666667
5,115.55
4,-100.41041666666666
1,0.4305555555555556
2,0.017361111111111112
4,7.095833333333333
3,-4.544444444444444
6,-0.37430555555555556
9,34.85
1,1.40625
3,8.593055555555555
6,3.5569444444444445
4,17.006944444444443
1,0.58125
6,46.03888888888889
6,11.02361111111111
1,0.35347222222222224
3,1.6458333333333333
6,0.7319444444444444
5,57.69097222222222
4,-13.64375
6,21.19097222222222
1,0.41805555555555557
3,7.58125
4,21.647916666666667
5,31.352083333333333
6,-51.55694444444445
6,0.0020833333333333333
6,0.0020833333333333333
6,0.02013888888888889
6,0.0006944444444444445
6,-0.02847222222222222
6,0.0006944444444444445
4,31.85625
3,-18.37847222222222
6,-2.8958333333333335
5,51.55277777777778
1,0.35555555555555557
3,1.64375
6,0.7333333333333333
5,83.98680555555555
9,-1.1354166666666667
4,-71.93888888888888
1,0.34305555555555556
3,0.65625
6,5.347222222222222
4,21.197916666666668
5,17.87638888888889
2,0.0
4,8.260416666666666
3,-1.5875
6,-5.496527777777778
1,1.4270833333333333
8,0.1076388888888889
3,11.464583333333334
6,1.5597222222222222
4,0.022916666666666665
5,50.15763888888889
1,7.768055555555556
4,38.759027777777774
3,-3.486111111111111
6,-2.2416666666666667
6,0.0
15,0.0
1,0.6381944444444444
1,0.5805555555555556
2,0.06875
4,12.915972222222223
3,-3.5243055555555554
6,-0.3840277777777778
9,61.859722222222224
1,0.3736111111111111
3,1.6256944444444446
6,0.73125
4,24.883333333333333
9,3.5208333333333335
5,12.584027777777777
1,0.5201388888888889
3,15.479166666666666
6,0.31180555555555556
3,0.6881944444444444
4,27.62847222222222
1,0.6583333333333333
16,58.136805555555554
1,1.46875
3,17.530555555555555
6,0.4847222222222222
5,77.55694444444444
4,-72.6673611111111
40,0.31805555555555554
1,0.003472222222222222
4,30.14375
3,-22.465972222222224
6,-4.348611111111111
1,0.40069444444444446
8,49.93472222222222
1,0.6611111111111111
3,15.338194444444444
3,5.0
11,0.0
6,0.4652777777777778
6,0.0006944444444444445
6,0.001388888888888889
3,1.5326388888888889
6,0.34305555555555556
6,0.001388888888888889
6,0.0020833333333333333
6,0.0763888888888889
6,0.0006944444444444445
6,0.0020833333333333333
6,0.001388888888888889
6,0.0020833333333333333
6,0.004166666666666667
6,0.002777777777777778
6,0.0020833333333333333
6,0.003472222222222222
6,0.0020833333333333333
6,0.004861111111111111
6,0.0020833333333333333
6,0.002777777777777778
6,0.009027777777777777
6,0.002777777777777778
6,0.008333333333333333
6,0.0006944444444444445
6,0.03263888888888889
6,0.0020833333333333333
6,0.002777777777777778
6,0.002777777777777778
6,0.0020833333333333333
4,0.002777777777777778
6,0.0006944444444444445
6,0.002777777777777778
4,0.01875
3,0.4583333333333333
4,12.675694444444444
12,13.816666666666666
5,0.0006944444444444445
4,0.015277777777777777
5,1.1833333333333333
4,5.833333333333333
5,1.1375
5,0.0
9,49.06180555555556
5,6.929166666666666
1,0.19236111111111112
2,0.5326388888888889
6,3.6972222222222224
3,0.5770833333333333
4,8.431944444444444
6,8.17013888888889
3,8.424305555555556
5,111.69791666666667
9,-2.0395833333333333
4,-105.29791666666667
4,48.09513888888889
3,-28.604166666666668
6,-9.881944444444445
5,66.53888888888889
1,1.4
3,10.599305555555556
4,13.370833333333334
6,-8.715277777777779
5,44.0625
4,91.94444444444444
3,-46.54097222222222
6,-2.6625
6,8.16875
4,19.659027777777776
3,-4.379166666666666
5,69.71944444444445
9,-56.61736111111111
6,-16.521527777777777
1,0.7145833333333333
2,0.015277777777777777
3,9.269444444444444
4,4.6
6,-4.2659722222222225
1,0.40208333333333335
3,7.597222222222222
6,1.3173611111111112
4,48.324305555555554
3,8.397222222222222
6,0.3541666666666667
4,31.215972222222224
1,0.33055555555555555
11,0.66875
3,0.0
6,3.363888888888889
4,49.1875
12,2.127083333333333
5,0.08402777777777778
4,0.7368055555555556
9,19.006944444444443
5,2.2375
6,0.0
1,0.4513888888888889
6,39.076388888888886
3,1.4715277777777778
4,6.660416666666666
1,0.375
6,4.358333333333333
3,0.2659722222222222
4,22.439583333333335
1,0.5
3,10.499305555555555
6,2.4166666666666665
4,31.22222222222222
1,0.31875
4,52.11736111111111
3,-48.43680555555556
5,58.65694444444444
6,-58.925694444444446
4,70.04722222222222
3,-54.46597222222222
6,-3.515972222222222
1,0.34930555555555554
3,0.65
6,1.4055555555555554
4,2.0868055555555554
5,27.18611111111111
1,0.18194444444444444
2,0.3076388888888889
6,3.99375
3,0.5159722222222223
4,2.5659722222222223
1,0.3104166666666667
3,0.6888888888888889
4,3.623611111111111
6,-0.3194444444444444
5,37.43611111111111
6,31.422916666666666
6,9.213194444444444
3,1.2319444444444445
4,90.67777777777778
3,18.272916666666667
17,5.3590277777777775
1,0.0
17,0.02361111111111111
4,1.1097222222222223
1,0.3770833333333333
6,3.004861111111111
1,0.5986111111111111
8,4.889583333333333
16,28.03263888888889
1,35.799305555555556
16,35.90347222222222
4,5.1
3,-2.477777777777778
6,-0.2659722222222222
5,19.84027777777778
1,0.2972222222222222
3,4.702083333333333
6,0.7326388888888888
4,19.93611111111111
5,24.071527777777778
1,0.4340277777777778
2,0.013888888888888888
3,8.551388888888889
6,0.3236111111111111
4,5.133333333333334
9,30.01875
6,8.172222222222222
3,0.40694444444444444
5,60.0
4,-40.24444444444445
1,0.36875
3,1.6305555555555555
6,0.7340277777777777
5,62.986111111111114
9,-1.1354166666666667
4,-61.15208333333333
1,0.33194444444444443
3,2.667361111111111
4,39.66319444444444
5,23.758333333333333
6,-62.68333333333333
1,0.31666666666666665
3,0.6826388888888889
4,26.580555555555556
6,-23.275694444444444
5,30.42222222222222
2,1.6805555555555556
3,13.636805555555556
4,1.4958333333333333
6,-1.0708333333333333
4,23.270138888888887
3,-13.689583333333333
6,-1.229861111111111
1,0.48680555555555555
16,1.1090277777777777
1,0.18680555555555556
2,0.2763888888888889
4,12.970833333333333
3,-7.434722222222222
6,-0.5861111111111111
3,40.37083333333333
4,11.542361111111111
6,-9.734027777777778
1,0.3770833333333333
3,5.622222222222222
6,1.4659722222222222
5,77.57569444444445
4,-39.38263888888889
1,2.6951388888888888
3,19.304166666666667
4,24.627083333333335
6,-24.100694444444443
5,94.51527777777778
1,0.36736111111111114
5,38.63194444444444
3,-37.0
6,0.7451388888888889
9,0.3506944444444444
4,-1.3083333333333333
15,0.0
15,0.0
6,0.0
15,0.0006944444444444445
15,0.0
15,0.0
15,0.0
15,0.0
6,0.0
6,0.0
15,0.0006944444444444445
15,0.0
6,0.0
6,0.0
15,0.00625
15,0.0
15,0.0
15,0.0
15,0.0
15,0.0
15,0.0
15,0.0
6,0.0
3,17.064583333333335
5,28.678472222222222
4,-17.240277777777777
1,0.5631944444444444
7,26.853472222222223
1,0.3090277777777778
3,0.6902777777777778
6,3.372916666666667
4,1.1479166666666667
5,15.1
3,1.554861111111111
4,2.6145833333333335
6,0.7805555555555556
9,0.34930555555555554
5,15.830555555555556
16,0.15486111111111112
1,0.4375
2,0.043055555555555555
4,30.088194444444444
5,92.14722222222223
3,-92.71666666666667
6,-0.4798611111111111
4,1.0506944444444444
6,2.053472222222222
6,0.06458333333333334
3,0.3111111111111111
4,2.4770833333333333
4,0.04236111111111111
9,74.11527777777778
6,-79.96111111111111
17,0.3763888888888889
8,62.827777777777776
3,0.2798611111111111
4,21.65763888888889
6,-7.789583333333334
6,-1.2013888888888888
1,0.6333333333333333
3,4.365972222222222
4,33.642361111111114
6,-31.238888888888887
1,0.31180555555555556
3,5.6875
6,1.4243055555555555
4,44.886805555555554
9,4.113194444444445
5,6.25
27,0.041666666666666664
28,0.0
29,0.0
31,0.0
30,0.0
1,0.0
32,0.0
1,0.42569444444444443
2,0.005555555555555556
4,45.14861111111111
3,-30.580555555555556
6,-0.27152777777777776
1,1.4006944444444445
3,0.5986111111111111
4,34.60069444444444
6,-33.87222222222222
3,6.591666666666667
6,0.5534722222222223
5,115.48819444444445
4,-113.42152777777778
4,23.927083333333332
3,-15.643055555555556
6,-0.4048611111111111
1,0.7076388888888889
3,16.291666666666668
4,6.576388888888889
6,-6.004166666666666
1,0.6701388888888888
6,25.969444444444445
3,0.4013888888888889
4,0.7125
1,0.48333333333333334
16,39.93819444444444
1,0.3194444444444444
3,3.6798611111111112
5,24.38125
6,-20.936805555555555
9,0.6493055555555556
4,-1.6548611111111111
7,5.897222222222222
4,15.359722222222222
3,-1.7381944444444444
6,-0.45416666666666666
1,1.4423611111111112
4,17.790277777777778
3,-1.1916666666666667
5,28.677083333333332
9,-15.202777777777778
6,-14.053472222222222
1,0.4111111111111111
2,0.16875
3,16.461111111111112
6,0.45902777777777776
6,0.0
6,0.0006944444444444445
6,0.002777777777777778
4,27.19236111111111
5,30.34513888888889
1,0.42430555555555555
4,42.140277777777776
3,-34.56527777777778
5,55.420833333333334
6,-56.6875
3,16.259722222222223
4,6.354166666666667
6,-5.9125
9,34.03194444444444
1,0.7291666666666666
3,12.270138888888889
6,0.5145833333333333
4,35.075
9,3.025
5,13.104166666666666
1,1.3430555555555554
8,0.06666666666666667
6,1.3284722222222223
3,0.2611111111111111
5,22.700694444444444
4,-22.302777777777777
1,0.5694444444444444
6,1.7743055555555556
1,0.38819444444444445
3,0.6111111111111112
4,28.649305555555557
11,-14.649305555555555
6,-12.610416666666667
12,39.07083333333333
5,24.539583333333333
1,24.400694444444444
17,0.04027777777777778
4,1.9625
1,0.3798611111111111
3,13.619444444444444
6,0.5270833333333333
6,0.011111111111111112
6,0.0020833333333333333
6,0.003472222222222222
5,35.06805555555555
9,-20.1875
4,-10.793055555555556
4,23.920833333333334
3,-15.636805555555556
6,-0.4048611111111111
1,0.4409722222222222
4,65.06111111111112
3,-6.461111111111111
6,-30.616666666666667
5,59.29375
1,1.4243055555555555
2,0.015277777777777777
4,7.170138888888889
3,-1.6104166666666666
6,-3.30625
3,7.565277777777778
6,0.5194444444444445
5,64.90138888888889
9,-51.65625
4,-12.338888888888889
1,0.3423611111111111
3,3.6569444444444446
6,2.7354166666666666
4,16.46388888888889
5,35.46319444444445
17,0.013888888888888888
1,0.3736111111111111
3,1.6256944444444446
5,20.647916666666667
6,-19.92152777777778
9,0.3736111111111111
4,-0.5965277777777778
1,0.2569444444444444
3,14.74236111111111
6,4.555555555555555
5,71.14166666666667
4,-66.04722222222222
1,0.30833333333333335
3,1.6909722222222223
4,3.4138888888888888
5,37.30555555555556
9,-35.61944444444445
6,-1.7381944444444444
16,0.027083333333333334
1,0.53125
3,11.468055555555555
5,68.71944444444445
6,-59.05555555555556
9,0.43680555555555556
4,-0.4673611111111111
2,0.0
6,6.0569444444444445
3,25.53472222222222
8,3.4715277777777778
4,7.110416666666667
4,27.04722222222222
3,-9.615277777777777
6,-8.496527777777779
1,0.2013888888888889
2,0.2611111111111111
6,4.892361111111111
3,5.644444444444445
5,102.04166666666667
4,-101.62152777777777
1,0.5777777777777777
6,59.92638888888889
4,33.00972222222222
3,-24.64236111111111
6,-0.29930555555555555
5,54.990972222222226
1,0.3576388888888889
3,0.6416666666666667
6,1.4305555555555556
5,56.26111111111111
9,-1.5569444444444445
4,-29.395138888888887
1,0.4097222222222222
2,0.08263888888888889
6,15.075
1,0.48194444444444445
16,8.233333333333333
4,27.04722222222222
3,-9.615277777777777
6,-8.496527777777779
40,5.656944444444444
1,0.001388888888888889
4,34.96597222222222
3,-13.625
6,-14.41875
4,31.865277777777777
3,-18.383333333333333
5,48.65694444444444
6,-52.330555555555556
1,0.7069444444444445
6,13.858333333333333
3,11.475694444444445
5,71.65625
4,-70.4173611111111
2,1.5104166666666667
3,19.403472222222224
4,0.7277777777777777
6,14.788194444444445
9,0.5722222222222222
1,23.351388888888888
17,0.01597222222222222
4,0.9923611111111111
1,0.41180555555555554
3,14.5875
4,5.695138888888889
5,77.00208333333333
9,-69.93680555555555
6,-10.102083333333333
1,10.425694444444444
6,1.0333333333333334
5,22.977083333333333
4,-7.797916666666667
6,0.0006944444444444445
1,0.3375
3,3.6618055555555555
6,2.384027777777778
4,40.33888888888889
5,23.698611111111113
3,18.563194444444445
4,11.461805555555555
6,-9.033333333333333
1,0.41875
2,0.03194444444444444
4,7.177083333333333
3,-2.6284722222222223
6,-0.5027777777777778
9,59.1375
5,13.081944444444444
1,0.7125
6,8.941666666666666
3,8.49375
4,9.611805555555556
1,5.339583333333334
3,4.659722222222222
4,3.745138888888889
6,-0.2722222222222222
5,37.95
1,0.5375
3,7.461805555555555
6,1.4534722222222223
4,-1.1618055555555555
9,1.16875
5,5.009722222222222
1,1.6104166666666666
2,0.04861111111111111
16,6.136805555555555
1,0.3888888888888889
3,9.610416666666667
6,2.661111111111111
5,80.03611111111111
9,-69.93680555555555
4,-7.065277777777778
6,15.270138888888889
3,6.236805555555556
4,1.7020833333333334
4,15.76388888888889
3,-7.372916666666667
5,54.611805555555556
6,-55.074305555555554
6,4.954861111111111
6,17.054166666666667
1,0.33611111111111114
3,5.663194444444445
6,0.35625
5,70.30625
9,-3.3680555555555554
4,-41.62430555555556
1,0.3861111111111111
3,0.6131944444444445
6,1.2840277777777778
4,41.170138888888886
6,9.168055555555556
3,0.425
4,4.692361111111111
1,0.575
8,1.5958333333333334
3,9.828472222222222
4,25.445833333333333
6,-21.000694444444445
1,0.37083333333333335
6,4.9847222222222225
3,-3.35625
4,-0.20277777777777778
9,4.300694444444445
3,3.557638888888889
6,10.604166666666666
4,22.916666666666668
1,2.5319444444444446
1,0.1840277777777778
2,0.29444444444444445
6,4.920138888888889
3,0.6006944444444444
4,5.622222222222222
1,0.3215277777777778
6,6.1715277777777775
3,1.50625
4,6.605555555555555
5,22.854861111111113
1,2.6284722222222223
8,0.8083333333333333
6,25.98402777777778
6,10.853472222222223
1,0.3215277777777778
3,3.6777777777777776
6,0.4131944444444444
4,2.803472222222222
5,41.50277777777778
1,0.5375
2,0.12916666666666668
3,14.332638888888889
4,1.7236111111111112
6,-1.4076388888888889
6,12.9875
3,0.4083333333333333
5,30.675694444444446
4,-13.347916666666666
1,0.5583333333333333
6,13.961805555555555
3,0.4791666666666667
5,59.420138888888886
9,-56.666666666666664
8,4.905555555555556
6,0.9340277777777778
3,14.448611111111111
4,6.548611111111111
4,-29.070833333333333
1,0.45208333333333334
3,30.54722222222222
4,28.638194444444444
5,48.078472222222224
9,-17.26527777777778
6,-54.88194444444444
14,93.0423611111111
1,2.466666666666667
5,20.02986111111111
4,-4.023611111111111
9,1.2090277777777778
6,-0.2708333333333333
1,0.35208333333333336
3,0.6472222222222223
4,33.72291666666667
5,14.995833333333334
7,-13.063194444444445
9,0.0
6,-34.92777777777778
3,18.51388888888889
17,11.589583333333334
1,0.0
17,0.009722222222222222
4,1.8618055555555555
5,5.227083333333334
17,4.817361111111111
17,0.001388888888888889
17,76.86527777777778
17,0.07708333333333334
17,16.106944444444444
17,0.011805555555555555
17,99.76319444444445
17,0.018055555555555554
1,0.31527777777777777
3,0.6840277777777778
4,4.5881944444444445
6,-3.259027777777778
5,20.40972222222222
6,7.174305555555556
20,0.011805555555555555
6,0.011111111111111112
6,20.81111111111111
1,0.3729166666666667
3,1.6263888888888889
6,0.7305555555555555
5,50.269444444444446
9,-29.9
4,-0.5659722222222222
1,0.42986111111111114
2,0.020833333333333332
16,2.129166666666667
1,0.5402777777777777
2,0.027777777777777776
3,1.43125
4,13.697222222222223
5,70.02222222222223
6,-83.1375
1,2.6215277777777777
3,23.377777777777776
4,49.64930555555556
5,46.392361111111114
6,-95.45486111111111
4,35.916666666666664
3,-24.56388888888889
6,-0.27361111111111114
3,17.573611111111113
6,4.595833333333333
4,4.917361111111111
1,0.6979166666666666
3,19.343055555555555
6,5.472222222222222
4,-5.029861111111111
9,5.645138888888889
3,13.501388888888888
4,1.6756944444444444
6,-1.1006944444444444
9,13.899305555555555
5,22.904166666666665
1,3.502083333333333
6,6.894444444444445
11,0.6027777777777777
3,0.0
4,2.660416666666667
12,8.034027777777778
4,0.7777777777777778
5,18.52777777777778
5,3.654861111111111
4,20.161805555555556
3,-13.647916666666667
6,-0.10416666666666667
5,41.825
1,1.761111111111111
8,0.005555555555555556
8,7.732638888888889
6,5.113888888888889
3,3.4277777777777776
4,11.439583333333333
5,51.21527777777778
8,33.06875
6,1.3215277777777779
3,9.26388888888889
7,3.4479166666666665
4,30.009722222222223
3,17.584027777777777
4,3.6847222222222222
5,38.05486111111111
9,-36.28333333333333
6,-1.8125
1,0.40555555555555556
7,6.098611111111111
4,77.1048611111111
3,-62.56805555555555
6,-14.470833333333333
9,81.88263888888889
1,1.4548611111111112
4,10.265972222222222
3,-1.679861111111111
6,-0.46875
1,0.4152777777777778
2,0.024305555555555556
3,10.559722222222222
4,2.6347222222222224
6,-0.3263888888888889
1,0.22430555555555556
17,0.4375
2,0.07083333333333333
6,32.80277777777778
3,0.5055555555555555
4,8.660416666666666
9,40.81527777777778
3,25.644444444444446
4,11.516666666666667
6,-0.9145833333333333
3,18.530555555555555
4,7.660416666666666
6,-6.852777777777778
9,14.747916666666667
3,0.6368055555555555
4,29.480555555555554
6,-28.9125
3,1.6006944444444444
5,34.72013888888889
4,-30.18611111111111
7,6.120138888888889
9,0.49027777777777776
6,-6.590277777777778
4,38.52152777777778
15,-38.52152777777778
3,28.054861111111112
6,-28.054861111111112
3,19.431944444444444
6,1.6152777777777778
5,64.04097222222222
4,-29.04513888888889
6,4.997222222222222
3,3.377083333333333
4,7.675
3,2.6256944444444446
4,26.64236111111111
6,-26.31111111111111
5,70.38888888888889
1,2.577777777777778
3,14.421527777777778
6,0.4979166666666667
4,11.092361111111112
1,0.43125
3,4.5680555555555555
6,3.5131944444444443
5,65.20625
4,-37.11388888888889
3,29.443055555555556
6,6.467361111111111
4,26.26388888888889
9,14.765972222222222
1,0.5048611111111111
6,25.895138888888887
8,0.013194444444444444
3,3.547222222222222
4,62.53819444444444
5,3.1527777777777777
6,-62.09652777777778
3,9.568055555555556
6,4.465277777777778
4,22.033333333333335
5,51.924305555555556
1,0.33541666666666664
4,6.1715277777777775
3,-3.5076388888888888
5,20.677083333333332
9,-16.57847222222222
6,-4.709722222222222
1,0.3236111111111111
3,0.6756944444444445
5,20.38125
4,-17.947222222222223
9,3.654861111111111
6,-2.4902777777777776
16,0.007638888888888889
8,0.0
1,1.4131944444444444
6,20.331944444444446
6,0.9291666666666667
3,4.2965277777777775
6,2.2944444444444443
5,29.206944444444446
9,-22.15486111111111
4,-3.0875
1,0.39652777777777776
3,0.6027777777777777
4,26.619444444444444
6,-20.87152777777778
5,48.90763888888889
6,11.420833333333333
3,0.22847222222222222
5,64.72013888888888
4,-5.997222222222222
3,25.303472222222222
4,3.729861111111111
6,-2.24375
5,37.513888888888886
1,1.3347222222222221
3,0.6645833333333333
5,24.435416666666665
4,-23.196527777777778
9,0.8638888888888889
6,-0.5159722222222223
4,36.06736111111111
3,-5.49375
6,-6.479166666666667
1,0.41944444444444445
2,1.0569444444444445
1,0.4215277777777778
2,0.018055555555555554
4,8.260416666666666
3,-5.700694444444444
5,91.69722222222222
6,-92.05486111111111
3,21.196527777777778
4,7.49375
6,-3.1284722222222223
3,9.568055555555556
6,4.465277777777778
4,22.033333333333335
5,51.924305555555556
1,0.24166666666666667
2,0.16875
6,25.229861111111113
3,0.3590277777777778
5,71.71666666666667
9,-13.081944444444444
4,-55.99791666666667
1,0.18958333333333333
2,0.24027777777777778
3,4.569444444444445
4,1.5583333333333333
6,-1.2236111111111112
9,80.3
5,13.081944444444444
17,19.64236111111111
17,0.02013888888888889
1,0.0
17,0.027777777777777776
4,0.7548611111111111
5,35.00555555555555
17,2.115972222222222
17,9.815972222222221
17,25.277083333333334
17,3.75
17,28.952083333333334
17,0.07847222222222222
17,29.915972222222223
17,0.010416666666666666
17,60.03472222222222
17,0.05277777777777778
17,63.045833333333334
17,0.005555555555555556
6,4.054861111111111
3,16.343055555555555
5,49.72013888888889
4,-16.1
1,0.6861111111111111
2,0.029166666666666667
6,1.6784722222222221
1,0.45208333333333334
6,17.102083333333333
3,12.44513888888889
4,0.60625
1,0.6145833333333334
6,7.9847222222222225
3,7.441666666666666
4,62.56805555555555
9,4.84375
1,1.3569444444444445
3,3.642361111111111
4,25.57986111111111
6,-21.244444444444444
1,0.37083333333333335
3,2.6284722222222223
4,34.61388888888889
6,-33.87777777777778
6,0.0
5,54.983333333333334
8,33.06875
6,1.3215277777777779
3,9.26388888888889
7,3.4479166666666665
4,30.009722222222223
1,0.44930555555555557
3,19.591666666666665
4,34.46736111111111
6,-32.75347222222222
1,0.3729166666666667
8,8.161111111111111
3,35.46527777777778
6,0.4041666666666667
4,6.058333333333334
1,0.5409722222222222
2,0.027083333333333334
16,5.976388888888889
4,15.848611111111111
3,-0.24861111111111112
6,-0.2923611111111111
6,6.242361111111111
3,1.1916666666666667
4,5.475694444444445
1,0.6958333333333333
6,27.738888888888887
16,13.028472222222222
1,1.492361111111111
6,44.15347222222222
3,4.290972222222222
6,2.2944444444444443
4,3.9652777777777777
9,3.0868055555555554
5,22.15486111111111
1,0.42777777777777776
6,22.036805555555556
3,0.5347222222222222
4,6.5055555555555555
1,0.5555555555555556
8,18.149305555555557
3,8.33611111111111
4,1.6916666666666667
5,48.96388888888889
9,-20.21388888888889
6,-29.906944444444445
1,0.6409722222222223
7,12.854166666666666
8,0.0
3,3.504166666666667
4,31.288194444444443
6,-28.940277777777776
5,67.69375
4,33.16736111111111
3,-18.616666666666667
5,55.422916666666666
6,-57.40208333333333
1,0.48819444444444443
8,25.172916666666666
3,3.379861111111111
6,0.4388888888888889
4,34.26875
1,0.5472222222222223
2,0.022916666666666665
3,8.429166666666667
6,0.3173611111111111
5,62.40208333333333
4,-37.18055555555556
6,0.0
15,0.0
6,0.7819444444444444
15,0.0
15,0.0
15,0.0
15,0.0
15,0.0
6,0.9909722222222223
15,0.0
15,0.0006944444444444445
15,0.0
6,0.0006944444444444445
15,0.0
15,0.0
15,0.0
15,0.0
15,0.0
15,0.0
6,2.6840277777777777
15,0.0
3,0.9354166666666667
6,0.33958333333333335
15,0.0
15,0.0
6,0.0006944444444444445
15,0.0
4,9.269444444444444
5,15.85138888888889
4,54.86805555555556
3,-37.50833333333333
6,-4.461111111111111
1,0.6319444444444444
17,2.0416666666666665
3,42.325694444444444
4,5.603472222222222
6,-2.104861111111111
6,13.031944444444445
3,9.531944444444445
5,33.71875
4,-16.924305555555556
1,0.3888888888888889
3,7.610416666666667
4,11.4625
6,-10.7375
1,0.3993055555555556
3,8.6
4,22.550694444444446
6,-18.00347222222222
1,0.33055555555555555
6,4.398611111111111
3,0.2701388888888889
5,37.459722222222226
4,-36.00763888888889
6,5.913888888888889
1,0.5625
3,5.436805555555556
4,8.634027777777778
6,-8.049305555555556
5,23.09236111111111
1,0.4527777777777778
3,3.546527777777778
6,4.510416666666667
4,6.930555555555555
1,0.37777777777777777
3,1.6215277777777777
6,0.7361111111111112
4,33.88055555555555
5,21.102777777777778
1,0.40555555555555556
2,8.279166666666667
6,14.813888888888888
3,4.500694444444444
4,3.408333333333333
1,0.4840277777777778
3,1.5152777777777777
4,12.752083333333333
5,20.910416666666666
6,-31.197222222222223
1,0.6381944444444444
1,0.3090277777777778
3,2.6902777777777778
11,0.0
4,2.675
6,2.063888888888889
12,6.725694444444445
5,0.0020833333333333333
4,0.006944444444444444
5,8.963194444444444
1,1.4048611111111111
3,12.594444444444445
6,1.55
4,27.069444444444443
6,20.88125
1,0.8034722222222223
6,26.905555555555555
6,2.0548611111111112
3,5.5784722222222225
5,30.678472222222222
9,-1.1645833333333333
4,-12.035416666666666
1,0.4215277777777778
2,0.029166666666666667
4,22.043055555555554
3,-13.494444444444444
6,-0.2833333333333333
9,76.8013888888889
5,0.2013888888888889
1,0.8333333333333334
1,0.5895833333333333
7,7.095833333333333
8,0.0
4,27.791666666666668
3,-7.477777777777778
6,6.593055555555556
6,-10.970833333333333
1,0.37222222222222223
3,0.6270833333333333
5,50.72013888888889
6,-48.33680555555556
6,4.347222222222222
9,0.36875
4,-6.715972222222222
1,0.38263888888888886
5,97.30694444444444
11,-95.69027777777778
3,0.0
4,-0.20069444444444445
12,95.86597222222223
4,0.005555555555555556
9,0.00625
6,-92.34722222222223
5,93.36597222222223
1,0.32569444444444445
3,2.673611111111111
6,2.4006944444444445
4,15.200694444444444
5,31.398611111111112
1,0.5381944444444444
3,56.46111111111111
4,1.7159722222222222
6,-1.2013888888888888
1,0.6111111111111112
6,15.093055555555555
3,1.426388888888889
4,17.4375
9,44.94027777777778
4,20.95486111111111
3,-4.360416666666667
5,111.69791666666667
9,-2.0395833333333333
6,-118.0826388888889
1,0.22430555555555556
2,0.25972222222222224
3,5.5152777777777775
6,1.3319444444444444
4,5.261805555555555
1,0.42083333333333334
7,1.226388888888889
4,95.96180555555556
3,-62.56805555555555
6,-22.384722222222223
9,89.79652777777778
3,9.436111111111112
4,26.492361111111112
6,-25.01527777777778
5,69.24166666666666
6,83.98819444444445
3,23.20347222222222
4,0.6597222222222222
6,-0.10277777777777777
9,8.884722222222223
1,0.6819444444444445
8,37.8375
6,0.8215277777777777
3,9.564583333333333
6,4.486111111111111
5,80.21180555555556
9,-79.60069444444444
4,-0.5868055555555556
6,15.064583333333333
3,3.472916666666667
4,1.7402777777777778
9,14.595833333333333
1,0.5229166666666667
2,0.020833333333333332
3,14.455555555555556
6,2.3097222222222222
4,0.3284722222222222
1,0.3347222222222222
4,38.16597222222222
3,-24.50138888888889
6,-3.2680555555555557
5,54.922222222222224
6,7.656944444444444
3,2.888888888888889
4,17.55902777777778
1,1.6458333333333333
2,0.00625
3,3.3472222222222223
6,2.7847222222222223
4,10.913194444444445
9,0.8180555555555555
5,65.90416666666667
6,35.18680555555556
1,0.30833333333333335
3,0.6909722222222222
6,3.3506944444444446
5,16.34027777777778
4,-6.958333333333333
1,0.19236111111111112
2,0.2263888888888889
6,3.967361111111111
3,0.6131944444444445
4,3.560416666666667
1,0.725
6,34.02361111111111
1,0.3548611111111111
7,0.06597222222222222
3,0.5784722222222223
6,0.7215277777777778
5,41.738194444444446
4,-29.00138888888889
1,0.6465277777777778
6,17.091666666666665
1,0.18194444444444444
2,0.31527777777777777
4,7.086805555555555
3,-2.584722222222222
6,-0.5131944444444444
1,0.36666666666666664
6,10.222916666666666
4,34.9375
3,-26.661805555555556
6,-1.4472222222222222
1,0.19236111111111112
2,0.5326388888888889
6,3.6972222222222224
1,0.30625
8,0.004166666666666667
3,2.558333333333333
4,28.52986111111111
6,-27.080555555555556
2,0.0
4,9.08611111111111
3,-6.465277777777778
6,-1.4027777777777777
1,0.6375
3,15.361805555555556
4,29.66111111111111
6,-24.261111111111113
16,1.9854166666666666
1,0.55
2,0.19444444444444445
3,25.25486111111111
6,0.3388888888888889
4,3.26875
17,0.002777777777777778
4,35.916666666666664
3,-24.56388888888889
6,-0.27361111111111114
3,17.584027777777777
6,3.532638888888889
5,38.206944444444446
9,-36.28333333333333
4,-1.7715277777777778
1,0.6618055555555555
2,0.027777777777777776
6,5.920833333333333
6,23.122916666666665
1,0.3798611111111111
3,1.6194444444444445
6,1.3263888888888888
4,14.477777777777778
5,26.915277777777778
1,0.3548611111111111
3,3.6444444444444444
4,27.618055555555557
6,-25.25625
5,56.37777777777778
3,9.588888888888889
6,0.39166666666666666
4,7.104166666666667
6,23.031944444444445
3,4.377777777777778
4,7.739583333333333
1,0.5881944444444445
1,0.35833333333333334
3,3.640972222222222
5,19.461111111111112
6,-10.840972222222222
9,0.4666666666666667
4,-5.560416666666667
6,8.120138888888889
3,1.4326388888888888
4,4.371527777777778
5,101.67013888888889
1,0.4673611111111111
6,19.964583333333334
3,0.6090277777777777
4,33.53819444444444
5,30.117361111111112
1,0.36944444444444446
3,3.629861111111111
4,13.722916666666666
6,-11.984027777777778
9,76.81875
5,1.1625
1,0.6798611111111111
8,3.7694444444444444
6,35.05625
6,0.006944444444444444
15,0.0
3,10.58611111111111
5,20.702083333333334
9,-3.1166666666666667
4,-4.1930555555555555
6,20.697222222222223
6,1.1770833333333333
3,15.322222222222223
4,12.375
5,91.66666666666667
4,22.050694444444446
3,-4.54375
6,-1.2173611111111111
9,12.73125
3,11.531944444444445
6,3.533333333333333
4,28.980555555555554
1,0.5805555555555556
6,23.832638888888887
3,7.627777777777778
4,24.555555555555557
1,1.4243055555555555
4,36.165277777777774
3,-14.590277777777779
6,-0.4173611111111111
1,0.46319444444444446
3,18.53611111111111
6,2.5548611111111112
4,22.945138888888888
1,0.5583333333333333
16,1.8659722222222221
22,0.022222222222222223
8,0.0
3,29.594444444444445
4,39.763194444444444
6,-36.300694444444446
6,25.679166666666667
3,9.659722222222221
4,47.64930555555556
1,0.40347222222222223
4,27.093055555555555
3,-5.455555555555556
6,-0.5201388888888889
3,12.327083333333333
6,0.4131944444444444
4,46.15069444444445
3,7.342361111111111
4,29.270138888888887
6,-28.644444444444446
1,0.5909722222222222
6,41.78333333333333
1,0.7451388888888889
4,21.043055555555554
3,-5.528472222222222
5,101.04166666666667
6,-101.20486111111111
1,0.5270833333333333
3,8.472222222222221
6,2.4375
4,4.08125
5,34.22152777777778
1,0.5006944444444444
8,5.115277777777778
4,14.972222222222221
3,-5.588888888888889
7,4.473611111111111
5,37.949305555555554
6,-42.897222222222226
1,0.6416666666666667
3,7.357638888888889
4,4.375694444444444
6,0.9590277777777778
9,11.075
5,17.26527777777778
1,0.42083333333333334
6,2.9631944444444445
3,23.656944444444445
4,29.450694444444444
5,35.549305555555556
1,2.4402777777777778
3,17.55902777777778
4,44.53680555555555
5,46.50486111111111
6,-88.60625
6,12.0375
2,0.02013888888888889
3,11.309722222222222
6,0.39305555555555555
6,0.005555555555555556
3,1.601388888888889
4,1.5118055555555556
4,0.1423611111111111
6,0.0006944444444444445
15,0.0
15,0.0
6,0.0
15,0.0006944444444444445
15,0.0
15,0.0006944444444444445
15,0.0
15,0.0
15,0.0
15,0.0
15,0.0
15,0.0
15,0.0
15,0.0
15,0.0
15,0.0
15,0.0
6,0.0
1,0.4930555555555556
3,17.50625
6,0.44166666666666665
5,91.6
9,-80.27708333333334
4,-5.267361111111111
6,19.25625
6,11.934722222222222
4,76.11597222222223
3,-63.63125
6,-1.3180555555555555
1,0.3298611111111111
3,2.6694444444444443
4,35.68819444444444
5,12.967361111111112
9,-3.24375
6,-44.68194444444445
3,0.6569444444444444
4,23.59861111111111
6,-6.961805555555555
2,0.0
4,3.213888888888889
3,-1.5694444444444444
6,-0.35833333333333334
3,14.372222222222222
6,0.5201388888888889
6,0.001388888888888889
6,0.001388888888888889
6,0.001388888888888889
6,0.003472222222222222
4,16.020138888888887
6,14.936111111111112
3,6.6618055555555555
4,3.6527777777777777
9,3.7888888888888888
1,0.3736111111111111
4,1.413888888888889
3,0.21180555555555555
6,1.3111111111111111
9,0.7895833333333333
5,48.61805555555556
1,0.4354166666666667
4,68.07986111111111
3,-34.47430555555555
6,-0.4173611111111111
1,0.22083333333333333
2,0.13541666666666666
6,6.969444444444444
3,1.6736111111111112
5,83.69722222222222
4,-77.17222222222222
17,0.05763888888888889
7,36.94861111111111
1,0.6229166666666667
8,0.10416666666666667
4,56.90277777777778
3,-7.6305555555555555
6,-2.35625
1,0.5444444444444444
2,0.01875
16,13.096527777777778
1,0.5041666666666667
3,25.536805555555556
4,28.6125
5,37.3875
6,-60.547916666666666
3,10.478472222222223
6,0.5201388888888889
4,7.941666666666666
7,17.877777777777776
3,13.5
6,0.6173611111111111
4,7.834027777777778
9,8.686805555555555
1,0.5791666666666667
1,0.5604166666666667
4,18.054861111111112
3,-12.615972222222222
5,50.420833333333334
9,-2.8375
6,-48.04236111111111
3,11.402083333333334
4,16.599305555555556
6,-14.190277777777778
5,38.33125
1,2.433333333333333
6,56.19722222222222
1,0.37430555555555556
3,1.625
5,42.65625
6,-38.231944444444444
9,0.6743055555555556
4,-4.564583333333333
1,0.40347222222222223
3,32.59583333333333
11,0.0
4,30.61875
5,0.003472222222222222
12,-0.0006944444444444445
6,-29.14097222222222
4,32.94305555555555
40,2.6381944444444443
1,0.002777777777777778
6,21.790277777777778
6,13.8375
20,9.160416666666666
13,0.9930555555555556
1,0.40208333333333335
3,7.597222222222222
4,49.641666666666666
6,-49.06388888888889
1,0.40208333333333335
3,14.597222222222221
4,20.56111111111111
5,45.861111111111114
6,-65.9875
1,1.1840277777777777
2,0.27152777777777776
6,1.9527777777777777
3,0.5909722222222222
4,4.7347222222222225
3,2.5909722222222222
4,5.6
5,51.09166666666667
9,-1.5569444444444445
6,-53.579861111111114
1,0.45208333333333334
3,1.5472222222222223
6,5.316666666666666
5,45.68333333333333
4,-35.32222222222222
1,0.4652777777777778
6,7.020833333333333
6,10.802083333333334
3,0.5604166666666667
4,11.511111111111111
5,22.948611111111113
1,1.3555555555555556
3,3.64375
4,27.586111111111112
5,28.069444444444443
6,-52.104166666666664
1,1.2125
8,0.28541666666666665
2,0.025
4,41.90902777777778
3,-2.432638888888889
6,-3.620138888888889
1,0.3840277777777778
3,32.61527777777778
6,2.3256944444444443
4,20.20138888888889
6,15.304166666666667
3,6.196527777777778
4,0.5291666666666667
9,7.235416666666667
1,0.37222222222222223
3,4.627083333333333
6,1.38125
4,8.024305555555555
1,0.6625
6,6.729861111111111
3,0.6069444444444444
4,26.670833333333334
7,36.85069444444444
9,0.0
5,1.1409722222222223
16,0.011805555555555555
8,0.0
6,6.076388888888889
3,1.3569444444444445
5,66.0
4,-64.82222222222222
4,24.17152777777778
3,-15.546527777777778
5,36.37916666666667
6,-36.826388888888886
1,0.3472222222222222
6,1.3819444444444444
3,3.270138888888889
4,21.553472222222222
1,0.3347222222222222
4,10.253472222222221
3,-5.588888888888889
5,36.71875
6,-36.977777777777774
1,0.7048611111111112
7,19.93263888888889
1,0.6208333333333333
6,26.941666666666666
3,3.60625
4,5.489583333333333
6,7.863888888888889
3,0.4340277777777778
4,11.793055555555556
5,38.62777777777778
6,0.11736111111111111
27,0.04236111111111111
28,0.0
29,0.0
31,0.0
30,0.0
1,0.0
32,0.0
3,17.47222222222222
15,19.62638888888889
6,0.0
4,1.7013888888888888
1,0.1763888888888889
16,3.6694444444444443
1,0.37222222222222223
3,5.627083333333333
4,58.58958333333333
6,-57.266666666666666
1,0.3729166666666667
3,1.6263888888888889
4,14.388194444444444
6,-13.622222222222222
1,0.7451388888888889
6,35.79375
4,64.3013888888889
3,-40.725
6,-11.314583333333333
3,9.282638888888888
6,6.559722222222222
4,-3.073611111111111
9,3.216666666666667
5,105.33888888888889
1,0.6194444444444445
2,1.0444444444444445
3,8.383333333333333
6,0.4166666666666667
4,3.2152777777777777
1,0.6354166666666666
3,4.363888888888889
6,0.39444444444444443
5,38.06597222222222
4,-36.01875
6,9.910416666666666
1,0.3229166666666667
6,0.2048611111111111
3,30.24513888888889
4,8.644444444444444
6,-7.204861111111111
1,1.2534722222222223
2,3.3333333333333335
3,16.4125
4,4.301388888888889
6,-2.8965277777777776
4,13.303472222222222
3,-5.7
6,-0.21805555555555556
1,0.5909722222222222
6,49.888888888888886
1,0.18194444444444444
2,0.3423611111111111
3,1.475
4,67.73541666666667
6,-65.2701388888889
15,0.0
15,0.0
6,0.0
1,0.5888888888888889
6,18.98125
3,1.4708333333333334
4,7.442361111111111
5,14.9375
1,0.3236111111111111
3,0.6756944444444445
6,1.3131944444444446
4,22.195833333333333
5,27.145138888888887
16,4.111805555555556
1,0.32569444444444445
3,5.673611111111111
4,14.613888888888889
5,35.048611111111114
6,-49.35486111111111
40,0.36944444444444446
1,0.011805555555555555
6,31.167361111111113
3,0.45069444444444445
4,2.452777777777778
1,0.6180555555555556
6,42.09513888888889
1,0.2423611111111111
3,16.756944444444443
6,3.7194444444444446
5,92.97777777777777
4,-77.28055555555555
17,0.8798611111111111
6,49.99791666666667
1,1.3819444444444444
3,3.6173611111111112
4,24.689583333333335
6,-24.07847222222222
5,48.12847222222222
3,21.53472222222222
6,6.401388888888889
5,91.31458333333333
9,-17.264583333333334
4,-52.80486111111111
6,1.3701388888888888
8,18.727777777777778
3,16.584722222222222
4,6.483333333333333
6,-0.9097222222222222
5,51.84722222222222
8,23.208333333333332
3,7.357638888888889
6,4.588888888888889
13,0.027083333333333334
4,21.988888888888887
1,0.4652777777777778
3,47.575694444444444
4,5.5993055555555555
6,-5.125694444444444
9,15.968055555555555
1,0.43194444444444446
2,0.00625
16,34.99652777777778
3,7.363888888888889
4,26.550694444444446
5,29.105555555555554
6,-55.04097222222222
1,0.3923611111111111
3,40.606944444444444
6,0.4847222222222222
4,1.1597222222222223
1,0.5770833333333333
4,24.05902777777778
3,-5.636805555555555
5,49.0
6,-49.5125
1,0.3298611111111111
6,14.39861111111111
1,0.5625
6,57.922222222222224
1,0.41597222222222224
2,0.02361111111111111
4,15.984027777777778
3,-9.424305555555556
6,-0.33958333333333335
5,87.03680555555556
3,8.573611111111111
4,22.659027777777776
6,-22.277083333333334
5,49.358333333333334
1,0.3229166666666667
3,1.676388888888889
4,4.635416666666667
6,-3.901388888888889
5,33.984722222222224
1,0.3333333333333333
3,0.6659722222222222
6,2.73125
5,58.924305555555556
4,-28.10972222222222
15,0.0
15,0.0
15,0.0
4,20.883333333333333
3,-8.440972222222221
6,-12.442361111111111
1,0.34930555555555554
3,1.65
6,0.5347222222222222
5,34.204861111111114
4,-21.461111111111112
1,0.4652777777777778
16,0.001388888888888889
6,8.16875
1,0.42083333333333334
4,56.07083333333333
3,-29.450694444444444
5,65.0
6,-88.63055555555556
1,0.6923611111111111
8,6.894444444444445
15,0.0
15,0.0
15,0.0
15,0.0
15,0.0
15,0.0
6,0.0
15,0.001388888888888889
15,0.0
15,0.0
15,0.0
15,0.0
15,0.0
15,0.0
15,0.0
15,0.0
15,0.0
15,0.0
15,0.0
15,0.0
15,0.0
15,0.0
15,0.0
15,0.0
6,0.0
6,0.0
15,0.001388888888888889
15,0.0
15,0.0
15,0.0
15,0.0
15,0.0
15,0.0
15,0.0
15,0.0
6,0.0
15,0.0006944444444444445
6,0.0
6,2.020138888888889
3,8.493055555555555
4,9.618055555555555
1,0.3798611111111111
7,4.118055555555555
6,31.05902777777778
1,0.3701388888888889
4,36.019444444444446
3,-15.666666666666666
6,-2.4611111111111112
3,2.4868055555555557
6,13.473611111111111
4,-12.941666666666666
9,13.564583333333333
5,0.4930555555555556
1,0.6638888888888889
1,0.1763888888888889
16,3.66875
1,31.620833333333334
8,0.99375
6,43.80694444444445
1,0.38263888888888886
3,1.6166666666666667
4,20.454166666666666
6,-18.729861111111113
1,0.31666666666666665
3,0.6826388888888889
4,26.580555555555556
6,-23.275694444444444
5,30.42222222222222
16,38.15694444444444
1,0.55625
1,1.6576388888888889
7,0.8472222222222222
6,30.98611111111111
1,1.3840277777777779
7,0.2013888888888889
6,1.1861111111111111
3,0.26944444444444443
4,29.747916666666665
5,7.633333333333334
3,5.4944444444444445
6,0.45625
6,1.0972222222222223
5,44.446527777777774
4,-42.52986111111111
1,0.4618055555555556
3,3.5375
6,2.623611111111111
4,45.075694444444444
1,0.3951388888888889
3,20.604166666666668
4,0.4875
6,1.8854166666666667
9,0.7173611111111111
1,0.18194444444444444
2,0.31527777777777777
6,3.9875
3,0.5145833333333333
4,2.563888888888889
9,3.7395833333333335
1,0.45694444444444443
2,0.09097222222222222
3,16.45138888888889
6,4.3284722222222225
4,9.369444444444444
1,0.6263888888888889
1,0.4798611111111111
4,40.93611111111111
3,-23.416666666666668
6,-4.680555555555555
1,0.6034722222222222
6,36.70902777777778
1,0.6979166666666666
3,19.343055555555555
4,0.4423611111111111
6,5.029861111111111
9,0.6152777777777778
6,14.230555555555556
3,0.2798611111111111
4,2.3743055555555554
5,112.32222222222222
1,0.6826388888888889
2,23.021527777777777
25,38.71388888888889
6,7.040277777777778
1,0.61875
2,0.1
3,14.280555555555555
4,41.62291666666667
6,-41.3125
5,86.73125
1,0.31805555555555554
4,15.278472222222222
3,-12.597222222222221
5,42.74027777777778
6,-44.010416666666664
2,0.9923611111111111
3,14.403472222222222
4,3.61875
6,-3.1756944444444444
1,0.5534722222222223
4,29.92361111111111
3,-5.477777777777778
5,61.71944444444444
9,-0.2013888888888889
6,-62.93333333333333
6,0.0
15,0.0
6,0.0006944444444444445
6,0.0
6,0.0
15,0.0
15,0.0
15,0.0
15,0.0
6,0.0006944444444444445
6,0.0
6,0.0
15,0.0
15,0.0
15,0.0
6,0.001388888888888889
15,0.0
2,0.0
3,0.6305555555555555
4,6.481944444444444
6,-5.979861111111111
3,8.52361111111111
4,1.56875
6,-0.6923611111111111
20,0.20972222222222223
1,0.3840277777777778
3,0.6152777777777778
6,0.73125
5,54.922916666666666
4,-23.979166666666668
7,1.7555555555555555
7,14.247916666666667
4,61.93819444444444
3,-27.588194444444444
6,-2.0805555555555557
5,50.736805555555556
6,0.001388888888888889
1,0.40208333333333335
6,78.12916666666666
1,0.4388888888888889
2,0.03125
3,9.529166666666667
6,0.31805555555555554
4,14.15625
9,35.00138888888889
1,2.4347222222222222
16,0.004166666666666667
7,0.0
3,1.5020833333333334
4,19.361805555555556
6,-11.975
1,0.6388888888888888
4,22.883333333333333
3,-3.48125
6,-3.6125
5,34.28958333333333
3,8.271527777777777
6,0.3861111111111111
4,13.097222222222221
9,15.26736111111111
5,47.96944444444444
1,0.38680555555555557
17,0.20208333333333334
7,0.8305555555555556
2,0.003472222222222222
4,10.077083333333333
3,-7.500694444444444
6,-0.6222222222222222
6,20.075694444444444
1,0.46805555555555556
8,0.0006944444444444445
6,16.136111111111113
3,24.313194444444445
4,11.436111111111112
20,-10.036805555555556
6,0.0020833333333333333
6,-0.0625
15,0.0
15,0.0
15,0.0
15,0.0
4,8.045833333333333
15,-8.04513888888889
5,36.56041666666667
15,-36.55972222222222
15,0.0
15,0.0
6,0.0
15,0.09791666666666667
15,0.0
15,0.0
15,0.0
6,0.0
15,1.0416666666666667
6,0.0
15,0.0006944444444444445
15,0.0
6,0.0
3,0.41944444444444445
6,-1.5611111111111111
6,0.0006944444444444445
1,3.4631944444444445
16,0.04652777777777778
22,0.003472222222222222
2,0.058333333333333334
4,9.013194444444444
3,-1.5854166666666667
6,-0.4638888888888889
4,22.01875
3,-0.5597222222222222
6,-7.502083333333333
1,0.5833333333333334
3,20.457638888888887
8,1.5194444444444444
4,5.95
6,-5.034722222222222
3,2.591666666666667
6,4.303472222222222
5,39.15625
4,-20.915972222222223
19,4.7243055555555555
17,0.004861111111111111
1,0.3861111111111111
3,4.613194444444445
4,28.565277777777776
5,22.174305555555556
6,-50.00833333333333
1,0.46875
13,7.190972222222222
6,7.978472222222222
13,0.12986111111111112
1,0.9833333333333333
2,0.02013888888888889
3,5.995833333333334
6,0.3701388888888889
4,40.300694444444446
5,39.37083333333333
3,5.363888888888889
4,25.62152777777778
5,59.800694444444446
6,-76.96527777777777
1,0.3138888888888889
3,0.6854166666666667
6,0.7472222222222222
5,14.630555555555556
4,-10.92361111111111
1,0.4097222222222222
3,8.589583333333334
6,6.4006944444444445
4,-4.7659722222222225
9,5.459027777777778
8,0.013888888888888888
3,15.369444444444444
6,2.542361111111111
4,23.816666666666666
5,29.64097222222222
1,0.3375
3,0.6618055555555555
6,2.7381944444444444
5,59.00208333333333
4,-30.113888888888887
3,2.55625
4,11.352083333333333
6,-8.584027777777777
1,0.32708333333333334
3,1.6722222222222223
4,52.43194444444445
6,-49.015972222222224
9,59.013194444444444
5,0.22777777777777777
1,0.32083333333333336
3,1.6784722222222221
4,40.71458333333333
5,23.708333333333332
6,-64.11527777777778
6,12.163194444444445
3,16.367361111111112
4,2.520138888888889
6,2.19375
9,0.38819444444444445
5,98.59444444444445
1,1.5854166666666667
7,0.12361111111111112
3,3.290277777777778
4,21.49652777777778
5,48.22361111111111
6,-66.16527777777777
1,0.3763888888888889
3,3.622916666666667
6,0.5215277777777778
4,45.18680555555556
5,42.333333333333336
1,0.575
7,38.85
6,2.0840277777777776
3,0.5319444444444444
4,35.65069444444445
1,0.4166666666666667
2,0.013194444444444444
6,13.151388888888889
3,0.41805555555555557
5,93.71666666666667
9,-13.081944444444444
4,-79.13541666666667
1,0.3333333333333333
3,26.707638888888887
6,1.2840277777777778
4,26.395833333333332
7,0.016666666666666666
17,0.029861111111111113
3,9.588888888888889
6,0.39166666666666666
4,7.104166666666667
1,0.3215277777777778
3,0.6777777777777778
4,4.354166666666667
6,-3.629861111111111
6,16.764583333333334
3,0.5930555555555556
4,46.59861111111111
1,1.3666666666666667
3,3.6326388888888888
4,21.639583333333334
6,-18.210416666666667
1,0.33125
6,3.4
3,0.26805555555555555
5,54.65486111111111
4,-24.18888888888889
1,0.3840277777777778
3,32.61527777777778
6,2.3256944444444443
4,20.20138888888889
2,0.6229166666666667
16,8.2
1,0.4152777777777778
2,0.003472222222222222
4,6.184722222222222
3,-1.6041666666666667
6,0.6902777777777778
6,0.001388888888888889
6,-0.9645833333333333
3,2.2729166666666667
4,4.452083333333333
4,0.020833333333333332
8,27.272222222222222
6,0.8784722222222222
1,0.5645833333333333
4,47.890972222222224
3,-25.45625
3,10.0
11,0.0
6,-20.440277777777776
12,35.91180555555555
5,0.0020833333333333333
4,0.003472222222222222
14,84.00069444444445
1,1.4159722222222222
4,11.045833333333333
6,3.986111111111111
9,0.65625
5,1.5715277777777779
16,1.1069444444444445
2,0.009722222222222222
6,18.09513888888889
3,0.44375
4,96.56319444444445
5,0.09027777777777778
6,5.000694444444444
1,3.4930555555555554
17,0.06458333333333334
4,0.8006944444444445
2,0.06111111111111111
1,1.9861111111111112
15,0.0
15,0.0
15,0.0
6,0.0
15,0.0006944444444444445
15,0.0
15,0.0
15,0.0
15,0.0
15,0.0
15,0.0
6,0.0
15,0.001388888888888889
15,0.0
15,0.0
15,0.0
15,0.0
15,0.0
15,0.0
6,0.0
15,0.001388888888888889
15,0.0
15,0.0
6,0.0
5,17.738194444444446
4,-2.0569444444444445
17,0.8798611111111111
6,49.99791666666667
1,0.5493055555555556
6,44.768055555555556
1,0.17847222222222223
2,0.22569444444444445
4,12.973611111111111
3,-8.378472222222221
6,-0.6534722222222222
1,0.5493055555555556
3,1.45
4,28.646527777777777
3,-22.646527777777777
6,4.516666666666667
6,-9.997916666666667
4,38.1
1,0.30486111111111114
6,1.4243055555555555
3,1.270138888888889
5,20.647222222222222
4,-20.127777777777776
3,4.506944444444445
4,5.5055555555555555
5,7.954861111111111
6,-10.960416666666667
3,3.560416666666667
4,17.583333333333332
6,-7.040277777777778
1,0.3326388888888889
3,1.6666666666666667
6,1.7326388888888888
4,26.584027777777777
5,28.33888888888889
1,14.663194444444445
3,7.336111111111111
4,27.585416666666667
6,-27.089583333333334
1,30.35972222222222
17,0.007638888888888889
4,1.2159722222222222
1,0.37916666666666665
4,24.270833333333332
3,-15.650694444444444
6,-0.27291666666666664
7,5.907638888888889
6,21.334027777777777
3,2.3895833333333334
6,0.45555555555555555
4,6.041666666666667
9,5.267361111111111
5,80.27708333333334
1,0.33958333333333335
3,1.6597222222222223
4,13.609722222222222
5,21.772222222222222
6,-34.99861111111111
1,1.3888888888888888
3,1.6520833333333333
6,0.7319444444444444
4,1.538888888888889
9,5.169444444444444
5,22.236805555555556
4,38.71458333333333
3,-24.536805555555556
5,49.422916666666666
9,-17.29375
6,-32.53541666666667
1,0.39861111111111114
3,1.6006944444444444
4,18.635416666666668
5,16.744444444444444
6,-34.65347222222222
1,0.5555555555555556
3,19.485416666666666
6,0.6381944444444444
5,57.017361111111114
9,-20.21388888888889
4,-27.81736111111111
3,7.347222222222222
4,15.253472222222221
6,-14.702083333333333
5,50.111111111111114
4,21.170833333333334
3,-1.7041666666666666
5,102.04166666666667
6,-106.23680555555555
1,0.35347222222222224
5,52.105555555555554
3,-50.459722222222226
6,1.4416666666666667
9,26.014583333333334
4,-27.725
6,10.15
1,1.475
3,19.524305555555557
6,1.46875
5,92.18472222222222
4,-1.9833333333333334
1,0.3229166666666667
3,9.676388888888889
6,1.3027777777777778
5,17.399305555555557
4,-16.98611111111111
1,0.3326388888888889
6,4.4006944444444445
3,1.2659722222222223
4,6.501388888888889
5,36.15555555555556
6,10.80486111111111
1,0.6069444444444444
1,0.34097222222222223
3,1.6583333333333334
4,17.545833333333334
5,31.06597222222222
6,-47.854166666666664
1,0.3159722222222222
3,2.683333333333333
6,3.3930555555555557
5,45.06666666666667
9,-41.36805555555556
4,-1.6236111111111111
1,0.36527777777777776
3,20.634027777777778
6,3.3222222222222224
4,1.4215277777777777
1,0.37083333333333335
3,2.6284722222222223
4,34.61388888888889
5,21.105555555555554
6,-54.982638888888886
6,-0.0006944444444444445
6,0.0
1,0.33055555555555555
3,5.710416666666666
4,3.25
6,-0.5208333333333334
5,20.89236111111111
1,0.35625
4,6.2125
3,-3.5694444444444446
6,-1.2680555555555555
5,21.959027777777777
1,0.33194444444444443
3,3.667361111111111
4,3.5083333333333333
6,-1.2104166666666667
5,36.702083333333334
17,0.007638888888888889
3,264.4326388888889
4,7.486111111111111
5,7.2347222222222225
1,0.3951388888888889
3,20.604166666666668
4,0.4875
6,1.8854166666666667
9,0.7173611111111111
1,0.3375
3,0.6618055555555555
6,2.7381944444444444
4,28.888194444444444
5,30.113888888888887
1,0.7131944444444445
2,0.016666666666666666
3,6.269444444444445
4,1.6513888888888888
6,-1.3215277777777779
3,9.491666666666667
4,13.655555555555555
5,29.804861111111112
6,-42.98125
1,0.4486111111111111
6,76.29097222222222
1,1.5555555555555556
6,24.988888888888887
1,0.5041666666666667
16,0.16527777777777777
4,20.790277777777778
3,-12.327777777777778
6,-0.3263888888888889
1,0.45555555555555555
3,4.54375
6,1.5291666666666666
4,54.09097222222222
1,0.4097222222222222
7,3.2569444444444446
3,5.332638888888889
4,1.6368055555555556
6,4.763888888888889
9,0.6930555555555555
1,0.3458333333333333
4,3.2875
3,-0.6340277777777777
6,-0.6888888888888889
5,21.415972222222223
1,0.5833333333333334
8,0.8284722222222223
3,16.629166666666666
6,4.386805555555555
20,0.011805555555555555
6,0.0020833333333333333
13,1.1881944444444446
8,2.060416666666667
13,0.0
6,0.009027777777777777
4,26.073611111111113
1,6.624305555555556
3,77.41666666666667
6,1.3972222222222221
4,14.214583333333334
4,35.27708333333333
3,-27.72222222222222
5,44.72013888888889
9,-1.1645833333333333
6,-50.015972222222224
1,0.5173611111111112
7,5.195138888888889
6,70.76666666666667
1,0.42986111111111114
3,1.5694444444444444
6,0.5465277777777777
4,26.880555555555556
1,0.46319444444444446
4,5.963888888888889
3,-3.4277777777777776
6,-0.6493055555555556
9,5.747222222222222
5,22.559722222222224
1,1.1909722222222223
2,0.2701388888888889
3,22.538194444444443
4,13.52361111111111
6,-13.122222222222222
9,56.233333333333334
5,13.081944444444444
6,18.95138888888889
3,0.4986111111111111
5,60.0
4,-32.356944444444444
1,0.46458333333333335
4,49.21319444444445
3,-20.678472222222222
5,42.420833333333334
6,-42.82013888888889
6,27.977777777777778
19,4.7243055555555555
17,0.004861111111111111
1,0.49444444444444446
1,0.18333333333333332
2,0.28402777777777777
4,9.995833333333334
3,-4.463888888888889
6,-0.5034722222222222
1,0.6479166666666667
16,0.7833333333333333
22,14.009722222222223
6,0.003472222222222222
3,10.596527777777778
4,8.291666666666666
5,22.385416666666668
1,4.391666666666667
3,6.649305555555555
6,6.464583333333334
4,-4.820138888888889
9,5.458333333333333
6,0.11736111111111111
40,2.4715277777777778
1,0.0006944444444444445
3,7.527083333333334
7,1.4472222222222222
4,19.025694444444444
6,-18.90763888888889
6,14.915277777777778
3,0.45208333333333334
4,3.691666666666667
1,0.31319444444444444
3,7.686111111111111
6,2.7444444444444445
4,22.744444444444444
1,0.31666666666666665
3,5.682638888888889
6,1.7340277777777777
5,41.68611111111111
4,-16.76527777777778
1,0.21736111111111112
3,7.781944444444444
6,3.548611111111111
4,3.879166666666667
9,6.127777777777778
1,5.367361111111111
3,11.631944444444445
6,2.4868055555555557
5,62.23125
7,-3.296527777777778
4,-55.93333333333333
3,3.5520833333333335
5,14.436111111111112
6,-2.984722222222222
9,0.29305555555555557
4,-11.304166666666667
1,0.5451388888888888
2,0.1423611111111111
6,17.631944444444443
1,0.44930555555555557
3,13.591666666666667
6,0.5819444444444445
4,32.979166666666664
9,12.785416666666666
1,0.8666666666666667
3,8.13263888888889
4,3.6083333333333334
6,-1.1131944444444444
8,10.157638888888888
13,0.0
6,0.015277777777777777
9,20.80763888888889
2,0.16527777777777777
3,14.336805555555555
4,3.627083333333333
6,-3.2090277777777776
9,7.023611111111111
1,3.502083333333333
6,6.894444444444445
11,0.6027777777777777
3,0.0
4,2.660416666666667
12,8.034027777777778
4,0.7777777777777778
5,18.52777777777778
5,3.654861111111111
1,0.33958333333333335
3,0.6597222222222222
5,48.71944444444444
6,-43.986805555555556
9,0.36666666666666664
4,-0.7166666666666667
1,0.4083333333333333
2,0.03194444444444444
6,1.9743055555555555
3,0.5847222222222223
4,4.677777777777778
9,64.95694444444445
5,13.081944444444444
1,0.35555555555555557
3,4.64375
4,14.6375
5,65.40416666666667
6,-78.61319444444445
1,0.5430555555555555
3,14.497916666666667
4,34.5375
6,-34.00833333333333
6,7.148611111111111
3,16.455555555555556
4,62.56805555555555
9,4.84375
1,0.3611111111111111
3,0.6381944444444444
6,0.7277777777777777
4,39.90972222222222
5,15.785416666666666
3,9.4625
6,6.790277777777778
4,-5.2375
9,5.540972222222222
6,24.993055555555557
15,0.0
15,0.0
6,0.0
1,0.41388888888888886
3,10.585416666666667
5,102.04166666666667
6,-98.68611111111112
9,0.7444444444444445
4,-3.4118055555555555
6,2.020138888888889
3,8.493055555555555
4,9.618055555555555
1,0.7208333333333333
2,0.01875
6,33.82361111111111
1,0.3020833333333333
3,0.6972222222222222
6,1.3472222222222223
4,3.0972222222222223
5,24.209722222222222
1,0.20208333333333334
2,0.13333333333333333
6,4.997916666666667
3,0.6659722222222222
4,6.472222222222222
1,0.5631944444444444
4,29.92013888888889
3,-12.442361111111111
6,-1.3541666666666667
27,0.04236111111111111
28,0.0
29,0.0
30,0.0
31,0.0
32,0.0
1,0.0
3,0.46041666666666664
4,5.665972222222222
6,-5.083333333333333
30,32.046527777777776
9,0.4666666666666667
1,2.982638888888889
16,0.5465277777777777
1,0.46875
13,7.170138888888889
6,6.772222222222222
1,0.4097222222222222
3,8.589583333333334
6,6.4006944444444445
4,-4.679861111111111
9,5.372916666666667
1,0.6430555555555556
2,0.0375
4,31.090972222222224
3,-0.7305555555555555
6,-0.38472222222222224
9,62.860416666666666
1,3.4993055555555554
6,6.80625
1,0.3701388888888889
3,1.6291666666666667
6,3.297222222222222
5,59.702777777777776
4,-32.44236111111111
1,0.33194444444444443
3,0.6673611111111111
4,41.71319444444445
5,23.708333333333332
6,-64.69097222222223
1,0.6319444444444444
6,31.9375
1,0.6631944444444444
2,0.003472222222222222
16,3.779861111111111
1,0.30416666666666664
3,0.6951388888888889
4,2.515277777777778
6,0.21944444444444444
9,0.3638888888888889
5,3.279166666666667
1,0.42986111111111114
3,8.569444444444445
4,27.590972222222224
6,-24.136805555555554
1,3.6444444444444444
3,13.396527777777777
4,23.577083333333334
6,-21.101388888888888
5,34.90277777777778
6,56.643055555555556
1,16.799305555555556
7,55.708333333333336
6,6.223611111111111
3,1.3097222222222222
4,7.625694444444444
3,9.58611111111111
4,27.56388888888889
6,-27.03472222222222
6,0.001388888888888889
6,0.002777777777777778
6,-0.010416666666666666
5,59.47708333333333
1,0.3229166666666667
3,1.676388888888889
6,0.7319444444444444
5,40.986805555555556
4,-30.161805555555556
1,0.3923611111111111
3,1.6069444444444445
4,0.5902777777777778
6,0.14166666666666666
9,0.36180555555555555
5,20.28611111111111
1,0.5027777777777778
2,0.016666666666666666
3,22.521527777777777
4,33.65208333333333
6,-31.136111111111113
1,0.5388888888888889
4,21.975694444444443
3,-7.5152777777777775
6,-0.3333333333333333
9,12.097916666666666
1,0.3951388888888889
3,20.604166666666668
4,0.4875
6,1.8854166666666667
9,0.7173611111111111
1,0.5916666666666667
1,0.5368055555555555
8,10.876388888888888
3,13.58611111111111
4,25.42361111111111
6,-20.94236111111111
1,0.38472222222222224
6,7.029861111111111
1,0.42777777777777776
4,83.99861111111112
3,-42.385416666666664
6,-21.572222222222223
6,7.889583333333333
3,0.3819444444444444
4,16.35
5,40.30555555555556
3,3.511111111111111
4,38.61736111111111
6,-28.235416666666666
3,15.288194444444445
3,1.0
4,5.338888888888889
15,-1.8277777777777777
6,0.0006944444444444445
15,0.0
6,-0.0006944444444444445
4,1.90625
6,3.9
15,0.0
6,0.001388888888888889
15,0.0
6,2.370138888888889
15,0.0
1,0.5048611111111111
4,1.948611111111111
9,6.060416666666667
5,37.486111111111114
1,0.5944444444444444
8,3.098611111111111
1,0.4930555555555556
2,5.120833333333334
6,9.856944444444444
3,0.5284722222222222
5,68.72013888888888
4,-43.09097222222222
4,13.890277777777778
3,-5.307638888888889
5,97.04166666666667
6,-99.62638888888888
1,0.41388888888888886
2,0.025694444444444443
3,2.5597222222222222
6,0.29791666666666666
4,4.4222222222222225
5,65.93541666666667
1,0.5895833333333333
6,75.92222222222222
6,0.0006944444444444445
1,0.4618055555555556
4,18.975
3,-6.4375
6,-0.40625
6,11.860416666666667
3,3.4194444444444443
4,4.379166666666666
9,8.722916666666666
5,56.61736111111111
2,0.0
8,1.1534722222222222
6,0.0
3,28.541666666666668
4,1.6722222222222223
1,0.3680555555555556
3,3.63125
6,0.7298611111111111
4,34.97569444444444
9,19.70625
1,4.391666666666667
3,6.649305555555555
4,1.6631944444444444
6,4.801388888888889
9,0.6381944444444444
1,0.5597222222222222
3,1.4395833333333334
6,4.33125
4,25.061805555555555
5,55.325694444444444
15,0.0
15,0.0
15,0.0
6,0.0
15,0.0006944444444444445
15,0.0
15,0.0
15,0.0
15,0.0
15,0.0
15,0.0
15,0.0
15,0.0
15,0.0
15,0.0
15,0.0
15,0.0
6,0.0
15,0.9986111111111111
15,0.0
15,0.0
15,0.0
15,0.0
15,0.0
15,0.0
15,0.0
15,0.0
15,0.0
15,0.0
15,0.0
15,0.0
15,0.0
15,0.0
6,0.0
6,3.172222222222222
3,0.36875
4,14.376388888888888
1,1.6902777777777778
3,14.350694444444445
4,34.44027777777778
6,-34.01875
3,9.43125
4,35.68263888888889
6,-24.153472222222224
1,0.17777777777777778
2,0.46041666666666664
4,5.738194444444445
3,-3.377083333333333
6,-0.5131944444444444
9,54.98888888888889
1,0.3854166666666667
6,51.10208333333333
3,1.5118055555555556
5,71.04166666666667
4,-67.61875
8,2.9541666666666666
6,9.30625
1,0.33194444444444443
3,3.667361111111111
4,3.5083333333333333
6,-1.2104166666666667
5,36.702083333333334
7,5.982638888888889
6,2.0131944444444443
3,1.5569444444444445
4,4.3694444444444445
5,101.67222222222222
1,0.5993055555555555
3,14.4
4,31.47013888888889
6,-27.990972222222222
9,34.93263888888889
3,33.041666666666664
1,11.784722222222221
4,58.69375
6,-58.69375
6,0.0
6,0.0
6,0.0
15,0.0
15,0.0
15,0.0
15,0.0
15,0.0
6,0.0020833333333333333
6,0.0
6,0.0
6,0.0
6,0.0
15,0.0
15,0.0
15,0.0
15,0.0
15,0.0
6,0.19305555555555556
15,0.0
3,18.020138888888887
6,-18.21527777777778
4,58.73888888888889
5,0.13333333333333333
4,0.7555555555555555
1,0.33125
4,34.134027777777774
3,-30.465972222222224
5,54.65486111111111
6,-54.922916666666666
1,0.5368055555555555
2,0.027777777777777776
8,0.075
3,4.3597222222222225
4,6.459722222222222
6,-3.963888888888889
9,10.059722222222222
1,0.5722222222222222
6,4.816666666666666
6,0.01875
3,10.591666666666667
4,6.733333333333333
4,9.792361111111111
3,-3.402083333333333
6,-0.475
5,88.51666666666667
2,2.8125
4,13.965972222222222
3,-4.446527777777778
6,-0.24305555555555555
1,0.6263888888888889
3,20.372916666666665
6,0.38680555555555557
4,6.241666666666666
5,36.02638888888889
6,9.08611111111111
3,0.54375
4,7.399305555555555
9,4.186111111111111
5,9.989583333333334
6,17.904166666666665
1,0.35347222222222224
5,52.105555555555554
3,-50.459722222222226
4,-0.26875
9,27.725
6,-26.014583333333334
1,4.436805555555556
4,61.21666666666667
6,-59.079861111111114
5,62.08263888888889
1,0.5402777777777777
8,20.961111111111112
1,2.4118055555555555
3,8.5875
6,12.35138888888889
4,-0.6875
9,0.9465277777777777
5,65.10972222222222
1,0.7208333333333333
2,0.01875
3,35.25972222222222
6,0.31875
4,5.079861111111111
1,0.6173611111111111
1,0.3680555555555556
3,3.63125
6,0.7298611111111111
4,34.97569444444444
9,19.70625
1,1.3722222222222222
3,12.627083333333333
6,2.477777777777778
4,10.154166666666667
5,59.0875
1,0.44583333333333336
2,0.025694444444444443
4,1.9895833333333333
3,-0.4618055555555556
6,-0.41458333333333336
9,72.04930555555555
5,13.081944444444444
4,14.082638888888889
3,-2.441666666666667
6,-0.26805555555555555
5,19.946527777777778
1,1.2534722222222223
2,0.19375
6,12.039583333333333
3,0.5125
4,4.514583333333333
1,0.19236111111111112
2,0.5361111111111111
6,3.69375
1,0.36944444444444446
3,3.629861111111111
4,13.722916666666666
5,65.99722222222222
6,-78.97638888888889
6,0.0
6,0.9951388888888889
6,-1.0013888888888889
11,49.30416666666667
24,28.21875
9,0.2972222222222222
6,-77.82013888888889
5,115.30416666666666
1,0.45416666666666666
6,2.89375
3,-0.3486111111111111
4,-0.29305555555555557
9,0.8194444444444444
5,7.073611111111111
1,0.3784722222222222
3,14.620833333333334
6,0.41041666666666665
7,29.292361111111113
4,4.920833333333333
5,38.418055555555554
1,0.4548611111111111
3,17.544444444444444
4,45.6625
6,-40.09375
17,7.872222222222222
4,13.82013888888889
3,-3.198611111111111
6,-2.629166666666667
9,13.770138888888889
5,23.85902777777778
2,3.029861111111111
4,15.934722222222222
3,-1.4625
6,-0.28680555555555554
1,1.4326388888888888
6,8.180555555555555
3,2.386111111111111
4,6.4534722222222225
5,91.58819444444444
3,4.594444444444444
17,29.447222222222223
1,0.0
17,0.004861111111111111
4,1.0381944444444444
5,21.00347222222222
1,0.4986111111111111
4,13.210416666666667
3,-0.7097222222222223
6,-1.3923611111111112
9,3.8340277777777776
3,1.3319444444444444
6,1.382638888888889
4,34.18611111111111
7,1.0986111111111112
7,4.008333333333334
6,2.7131944444444445
19,4.7243055555555555
17,0.004861111111111111
1,0.19236111111111112
2,0.5326388888888889
6,3.6972222222222224
3,0.5770833333333333
4,8.431944444444444
6,6.040972222222222
3,2.328472222222222
4,2.390277777777778
5,17.257638888888888
1,0.7652777777777777
6,4.948611111111111
1,0.4263888888888889
6,21.04652777777778
3,0.5263888888888889
4,1.4645833333333333
1,0.5722222222222222
6,4.892361111111111
1,1.3972222222222221
3,12.602083333333333
7,4.404166666666667
4,17.969444444444445
6,-16.66875
4,40.666666666666664
3,-25.49652777777778
6,-1.3270833333333334
9,32.68402777777778
1,0.42083333333333334
6,13.23125
3,0.3888888888888889
4,2.5034722222222223
17,0.001388888888888889
6,5.206944444444445
3,0.3423611111111111
5,52.0
4,-51.58819444444445
15,0.0
15,0.0
15,0.0
6,0.0
15,0.001388888888888889
15,0.0
15,0.0
15,0.0
15,0.0
15,0.0
15,0.0
15,0.0
15,0.0
15,0.0
15,0.0
15,0.0
15,0.0
15,0.0
6,0.0
15,0.001388888888888889
15,0.0
15,0.0
15,0.0
15,0.0
15,0.0
15,0.0
15,0.0
15,0.0
15,0.0
15,0.0
15,0.0
15,0.0
15,0.0
15,0.0
15,0.0
15,0.0
15,0.0
15,0.0
15,0.0
6,0.0
6,0.0
15,0.0006944444444444445
15,0.0
15,0.0
6,0.0
15,0.0006944444444444445
15,0.0
15,0.0
15,0.0
15,0.0
15,0.0
15,0.0
15,0.0
15,0.0
15,0.0
15,0.0
15,0.0
6,0.0
6,0.0
1,0.7340277777777777
3,14.306944444444444
6,0.60625
4,6.845833333333333
9,5.863194444444445
1,2.4854166666666666
6,31.007638888888888
1,0.3770833333333333
3,3.6222222222222222
6,5.3125
4,0.30416666666666664
9,1.4736111111111112
1,21.39236111111111
17,0.04861111111111111
4,9.841666666666667
1,0.31666666666666665
3,4.682638888888889
4,23.494444444444444
6,-13.76388888888889
1,0.3798611111111111
3,2.6194444444444445
6,2.7743055555555554
5,16.917361111111113
4,-13.92013888888889
1,0.4111111111111111
6,23.163888888888888
3,0.42430555555555555
4,7.622222222222222
1,1.1805555555555556
8,0.31666666666666665
2,0.015277777777777777
4,4.061111111111111
3,-0.5743055555555555
5,102.04166666666667
6,-102.6986111111111
16,0.001388888888888889
4,33.95
3,-16.43263888888889
6,-0.5125
3,2.6375
6,3.5319444444444446
4,23.770833333333332
5,6.309027777777778
1,0.32569444444444445
3,3.7152777777777777
4,13.586805555555555
6,-10.195833333333333
9,26.122916666666665
5,8.865972222222222
1,1.3618055555555555
3,0.6375
4,20.523611111111112
6,-19.789583333333333
6,29.602777777777778
3,1.6555555555555554
4,13.39375
3,15.64236111111111
4,10.449305555555556
5,24.550694444444446
6,-25.70347222222222
1,0.39375
4,13.032638888888888
3,-1.3854166666666667
6,-0.5722222222222222
6,10.25
3,1.3215277777777779
4,41.66736111111111
9,11.000694444444445
8,63.981944444444444
6,6.040277777777778
1,1.5881944444444445
6,6.929166666666666
1,5.409027777777778
3,39.59027777777778
6,5.695833333333334
4,-0.9729166666666667
9,1.3736111111111111
1,0.33819444444444446
6,1.4284722222222221
1,0.5375
3,16.461805555555557
6,4.76875
4,29.636111111111113
1,0.33194444444444443
3,2.667361111111111
4,39.66319444444444
6,-38.925
5,62.68333333333333
4,25.769444444444446
3,-12.344444444444445
6,-0.32013888888888886
1,0.4152777777777778
2,0.024305555555555556
6,3.2805555555555554
3,0.2791666666666667
5,75.69722222222222
4,-72.00069444444445
1,0.6243055555555556
6,12.886111111111111
4,24.197222222222223
3,-13.641666666666667
6,-1.4166666666666667
5,79.45833333333333
6,14.29375
3,7.558333333333334
6,0.39375
4,13.297222222222222
5,22.769444444444446
6,11.420833333333333
3,0.22847222222222222
4,58.72291666666667
5,5.997222222222222
6,13.127083333333333
3,0.33958333333333335
4,0.24375
9,0.8784722222222222
6,5.355555555555555
2,0.8229166666666666
3,15.63125
4,4.4743055555555555
6,-3.9090277777777778
1,0.37569444444444444
3,3.623611111111111
4,35.550694444444446
5,44.16597222222222
9,-10.328472222222222
6,-67.65208333333334
1,0.6069444444444444
4,40.174305555555556
3,-16.781944444444445
5,33.71875
9,-9.361805555555556
6,-31.7125
4,25.086111111111112
3,-2.4256944444444444
5,19.647916666666667
9,-15.191666666666666
6,-6.826388888888889
1,0.3784722222222222
3,10.6625
6,0.5604166666666667
6,0.0
6,0.0020833333333333333
6,0.0006944444444444445
6,0.002777777777777778
6,0.0
6,0.002777777777777778
6,2.754861111111111
6,0.059722222222222225
6,0.0006944444444444445
6,0.0
6,0.0006944444444444445
6,0.0
5,31.994444444444444
4,-14.686805555555555
1,0.5368055555555555
4,25.830555555555556
7,-13.828472222222222
3,3.4604166666666667
5,46.74027777777778
6,-50.418055555555554
1,1.4104166666666667
3,1.5888888888888888
4,34.458333333333336
6,-33.83611111111111
1,0.3333333333333333
6,6.396527777777778
3,1.2694444444444444
4,26.478472222222223
5,28.177083333333332
1,0.6576388888888889
7,0.8472222222222222
8,10.104861111111111
3,9.43125
6,4.548611111111111
4,34.990972222222226
9,27.872222222222224
1,0.4965277777777778
6,8.100694444444445
3,0.40208333333333335
4,5.370833333333334
5,44.34791666666667
3,1.323611111111111
6,5.625694444444444
4,8.979861111111111
5,21.775694444444444
1,0.34305555555555556
3,0.65625
6,1.4020833333333333
5,65.59791666666666
4,-64.62083333333334
3,11.571527777777778
4,16.635416666666668
6,-11.859027777777778
5,28.943055555555556
3,15.614583333333334
4,26.433333333333334
6,-26.12986111111111
9,32.053472222222226
1,0.3229166666666667
7,0.12152777777777778
6,1.9125
1,0.7486111111111111
1,0.36736111111111114
3,1.6319444444444444
6,0.73125
4,27.745833333333334
1,1.3868055555555556
3,39.6125
4,1.4965277777777777
6,-0.93125
4,20.036805555555556
3,-0.5611111111111111
6,-0.4548611111111111
1,2.4166666666666665
6,12.128472222222221
3,16.454166666666666
4,33.515277777777776
5,44.18055555555556
1,0.3625
4,16.32986111111111
3,-8.693055555555556
6,-0.26666666666666666
1,0.7618055555555555
6,24.722916666666666
2,0.0
6,6.129861111111111
3,9.529166666666667
4,10.575
6,2.0701388888888888
3,2.5125
4,4.629166666666666
1,0.3659722222222222
3,1.6333333333333333
6,0.7451388888888889
5,43.25486111111111
4,-24.51736111111111
1,0.38333333333333336
3,6.615972222222222
4,45.704166666666666
5,42.3375
6,-86.49513888888889
1,0.37083333333333335
3,4.628472222222222
6,1.6256944444444446
4,4.7340277777777775
5,38.640277777777776
1,0.4097222222222222
3,27.63125
4,19.6125
6,-16.125
1,0.41388888888888886
8,0.06805555555555555
16,32.052083333333336
3,2.498611111111111
6,1.4881944444444444
4,2.058333333333333
5,77.17361111111111
3,1.6097222222222223
4,5.661111111111111
5,70.05833333333334
6,-70.38888888888889
13,18.969444444444445
6,0.02013888888888889
3,2.334722222222222
6,4.509027777777778
4,5.95
5,31.540972222222223
1,0.31666666666666665
4,35.28680555555555
3,-26.604166666666668
6,-5.268055555555556
5,62.00833333333333
1,2.8645833333333335
8,18.575
6,15.015277777777778
8,34.13125
13,0.0
6,15.14861111111111
3,0.40625
4,9.599305555555556
1,0.5486111111111112
4,81.19513888888889
3,-33.702777777777776
6,-0.36944444444444446
1,0.46944444444444444
4,36.13194444444444
3,-28.560416666666665
5,72.65416666666667
6,-73.25138888888888
1,0.9666666666666667
8,44.668055555555554
1,0.7041666666666667
8,55.00625
6,0.001388888888888889
3,0.32916666666666666
4,34.53819444444444
5,30.115972222222222
2,0.06111111111111111
6,7.656944444444444
3,2.888888888888889
4,17.55902777777778
8,54.06111111111111
4,44.043055555555554
3,-33.452777777777776
7,3.44375
6,-12.703472222222222
1,1.6472222222222221
3,19.39375
4,43.44722222222222
6,-42.106944444444444
6,0.0
15,0.0
6,0.0006944444444444445
15,0.0
15,0.0
15,0.0
15,0.0
15,0.0
15,0.0
6,0.001388888888888889
15,0.0
15,0.0
15,0.0
15,0.0
15,0.0
15,0.0
6,0.0006944444444444445
15,0.0
3,0.6666666666666666
4,15.490277777777777
5,30.509722222222223
1,0.7090277777777778
17,0.002777777777777778
2,0.018055555555555554
3,7.269444444444445
4,6.552083333333333
6,-6.225694444444445
4,36.74722222222222
3,-23.20625
6,-4.553472222222222
1,1.1958333333333333
2,4.2965277777777775
4,15.1875
3,-6.680555555555555
6,-0.6430555555555556
4,57.06944444444444
3,-41.5375
5,91.04166666666667
6,-91.48125
1,0.3576388888888889
3,4.641666666666667
6,1.4229166666666666
3,1.5770833333333334
11,0.0
4,21.565277777777776
4,0.05694444444444444
5,27.118055555555557
12,66.81597222222223
5,0.0006944444444444445
1,0.3784722222222222
3,1.6208333333333333
6,0.5416666666666666
4,10.190972222222221
5,65.98680555555555
1,0.5722222222222222
2,0.09791666666666667
8,0.006944444444444444
16,23.759027777777778
3,5.406944444444444
4,0.6
6,-0.2763888888888889
5,22.368055555555557
1,0.4930555555555556
2,0.05138888888888889
3,12.45486111111111
4,15.584722222222222
6,-14.265972222222222
6,8.228472222222223
3,0.3368055555555556
4,25.65972222222222
5,24.06736111111111
3,16.56875
6,4.486111111111111
4,50.0125
1,0.3784722222222222
6,3.3465277777777778
3,0.2743055555555556
4,1.5243055555555556
5,22.166666666666668
1,0.37083333333333335
6,8.078472222222222
1,0.5909722222222222
3,13.45
4,29.644444444444446
6,-27.264583333333334
9,35.175694444444446
5,29.444444444444443
17,6.754861111111111
17,0.08958333333333333
17,35.84791666666667
1,0.0
17,0.03263888888888889
4,1.2680555555555555
3,1.3305555555555555
5,3.6680555555555556
1,0.40347222222222223
6,21.117361111111112
3,0.5201388888888889
4,5.455555555555556
1,0.33055555555555555
3,3.66875
6,2.4256944444444444
5,52.31388888888889
4,-30.20625
6,25.93611111111111
8,3.9743055555555555
1,0.1763888888888889
2,0.3736111111111111
6,4.8493055555555555
3,0.6
4,6.527083333333334
6,0.0
2,0.7958333333333333
3,14.60138888888889
4,2.4604166666666667
6,-0.6381944444444444
1,0.43194444444444446
2,0.01597222222222222
4,7.075
3,-4.523611111111111
6,-0.30833333333333335
9,34.78402777777778
6,0.0
3,6.615972222222222
6,1.5125
4,44.19166666666667
5,42.3375
1,0.33541666666666664
3,1.663888888888889
4,33.55555555555556
6,-33.168055555555554
5,63.269444444444446
1,0.33055555555555555
3,12.66875
4,26.574305555555554
6,-26.19236111111111
5,43.0375
27,0.041666666666666664
28,0.0
29,0.0
30,0.0
32,0.0
31,0.0
1,0.0
3,0.43680555555555556
6,5.416666666666667
4,23.189583333333335
5,28.04861111111111
1,0.3451388888888889
3,14.654166666666667
4,22.416666666666668
6,-20.676388888888887
2,0.024305555555555556
6,5.170138888888889
3,0.30625
4,2.5305555555555554
1,0.4861111111111111
6,26.898611111111112
3,4.614583333333333
4,23.638194444444444
3,9.53125
4,34.44861111111111
6,-29.96527777777778
1,3.571527777777778
7,5.017361111111111
3,1.4104166666666667
4,34.46805555555556
6,-32.78611111111111
5,78.35972222222222
1,0.40208333333333335
6,19.30625
3,0.3326388888888889
4,0.5277777777777778
9,6.946527777777778
1,1.3729166666666666
3,1.6263888888888889
6,0.32916666666666666
4,47.1125
5,10.215277777777779
1,1.4243055555555555
16,0.004861111111111111
6,40.203472222222224
6,55.797916666666666
6,0.8604166666666667
1,0.33055555555555555
13,24.116666666666667
1,0.1909722222222222
2,0.37569444444444444
3,1.4326388888888888
4,12.619444444444444
5,17.840972222222224
6,-28.977083333333333
1,0.4423611111111111
8,0.09583333333333334
2,1.85
3,0.6111111111111112
4,40.70902777777778
5,23.71388888888889
9,-1.8402777777777777
6,-62.264583333333334
1,1.6576388888888889
7,0.8472222222222222
6,30.9875
3,3.4631944444444445
6,3.4722222222222223
5,44.203472222222224
9,-14.917361111111111
4,-14.13888888888889
3,9.564583333333333
4,4.510416666666667
6,-0.024305555555555556
9,0.6111111111111112
8,7.475
5,72.12569444444445
1,0.3138888888888889
3,1.6854166666666666
6,1.4006944444444445
4,5.138194444444444
5,30.461111111111112
1,0.4111111111111111
6,16.988194444444446
3,8.6
5,33.71875
4,-16.92013888888889
4,104.92847222222223
3,-62.56805555555555
6,-27.351388888888888
9,94.76319444444445
4,44.825
3,-35.547222222222224
6,1.7194444444444446
3,3.2805555555555554
6,-6.495833333333334
4,40.99166666666667
2,0.022916666666666665
1,0.3284722222222222
4,31.025694444444444
3,-24.354861111111113
6,-0.5722222222222222
5,52.18402777777778
3,2.6375
6,1.6715277777777777
4,26.884027777777778
1,0.49930555555555556
3,58.541666666666664
6,2.3930555555555557
4,36.33125
1,1.58125
13,52.990972222222226
13,2.995833333333333
8,0.0
6,0.001388888888888889
3,5.516666666666667
6,5.389583333333333
4,-4.054861111111111
9,4.7625
5,38.90277777777778
15,0.0
15,0.0
15,0.0
15,0.0
15,0.0
15,0.0
4,7.990972222222222
3,-6.428472222222222
15,2.703472222222222
6,0.0
6,-4.2659722222222225
5,36.5625
1,4.418055555555555
8,6.969444444444444
3,8.611805555555556
6,3.4034722222222222
4,8.197916666666666
2,0.0
6,1.1465277777777778
3,26.514583333333334
4,4.571527777777778
5,91.47013888888888
1,0.4409722222222222
2,0.10416666666666667
6,4.968055555555556
3,0.4861111111111111
4,91.52361111111111
1,0.22847222222222222
3,25.770833333333332
6,4.539583333333334
4,5.110416666666667
5,66.04722222222222
1,1.3277777777777777
3,1.6715277777777777
4,37.74236111111111
5,20.680555555555557
6,-58.113194444444446
1,0.34097222222222223
3,2.658333333333333
6,3.73125
4,22.716666666666665
5,43.206944444444446
1,0.37083333333333335
3,0.6284722222222222
6,1.2993055555555555
4,27.225
5,28.215972222222224
6,11.240277777777777
27,0.041666666666666664
28,0.0
29,0.0
30,0.0
31,0.0
32,0.0
1,0.0
3,6.659722222222222
6,0.40555555555555556
15,0.0
4,23.204166666666666
1,13.61875
5,28.752777777777776
3,-26.372222222222224
4,-0.30625
9,4.050694444444445
6,-0.2569444444444444
1,1.3583333333333334
3,0.6409722222222223
6,2.734722222222222
4,27.561805555555555
5,64.74513888888889
1,0.41041666666666665
2,0.06111111111111111
6,26.99861111111111
3,0.5291666666666667
4,1.479861111111111
9,79.15486111111112
5,13.081944444444444
1,0.39652777777777776
3,0.6027777777777777
4,33.634027777777774
6,-32.90277777777778
5,55.925694444444446
1,0.40208333333333335
3,7.597222222222222
4,49.641666666666666
6,-48.9875
17,1.2569444444444444
1,0.19166666666666668
2,0.23194444444444445
4,6.167361111111111
3,-0.5916666666666667
6,-1.55625
1,0.6604166666666667
4,40.02916666666667
3,-4.690277777777778
6,-0.44305555555555554
5,42.865972222222226
3,16.56597222222222
6,3.375
4,51.12430555555556
6,0.0006944444444444445
15,0.0
2,0.007638888888888889
3,19.565277777777776
4,27.691666666666666
6,-27.35972222222222
9,29.22361111111111
5,29.444444444444443
1,5.447916666666667
3,38.59305555555556
4,29.459027777777777
6,-28.030555555555555
1,1.4055555555555554
2,0.013194444444444444
6,7.299305555555556
3,0.28125
4,12.415972222222223
5,86.28125
1,0.5541666666666667
3,10.44513888888889
6,3.3722222222222222
4,87.30555555555556
1,0.34791666666666665
3,11.693055555555556
4,17.595833333333335
6,-17.19236111111111
9,29.110416666666666
5,8.868055555555555
1,0.4354166666666667
8,23.021527777777777
6,0.0006944444444444445
1,0.375
3,22.665972222222223
4,27.575694444444444
5,30.424305555555556
6,-54.678472222222226
3,4.334722222222222
4,30.54722222222222
6,-28.6375
1,0.33055555555555555
3,2.66875
4,3.6791666666666667
6,1.0541666666666667
9,1.3708333333333333
5,13.574305555555556
1,0.44583333333333336
6,48.022222222222226
3,2.5791666666666666
6,4.553472222222222
4,-4.160416666666666
9,8.166666666666666
5,34.15902777777778
6,7.021527777777778
1,0.3784722222222222
3,3.620833333333333
6,1.3083333333333333
5,50.41111111111111
9,-12.584027777777777
4,-4.6194444444444445
1,0.6430555555555556
3,1.35625
6,1.6270833333333334
5,48.1125
4,-27.229166666666668
1,1.3298611111111112
7,12.328472222222222
8,0.0
6,0.0
3,0.34097222222222223
4,28.6
6,23.122916666666665
1,0.32916666666666666
3,2.670138888888889
4,5.722222222222222
13,4.602083333333334
1,0.6548611111111111
6,38.766666666666666
1,0.38055555555555554
3,1.61875
4,31.5125
5,32.4875
6,-63.27291666666667
1,0.4222222222222222
2,0.03888888888888889
6,14.21111111111111
3,0.32708333333333334
5,89.71666666666667
9,-13.081944444444444
4,-74.10555555555555
1,0.7430555555555556
6,52.96180555555556
1,0.4041666666666667
7,21.159027777777776
3,32.477777777777774
4,24.325
6,-23.664583333333333
1,0.3784722222222222
3,1.6208333333333333
6,19.452083333333334
4,-9.13888888888889
9,9.785416666666666
5,7.558333333333334
3,2.558333333333333
4,28.52986111111111
6,-27.080555555555556
1,0.6319444444444444
7,1.0104166666666667
3,11.356944444444444
6,1.5208333333333333
5,85.52083333333333
4,-49.50208333333333
1,1.4104166666666667
2,0.029166666666666667
3,23.601388888888888
6,2.311111111111111
6,0.001388888888888889
4,0.33055555555555555
3,0.35694444444444445
23,0.6847222222222222
8,13.131944444444445
8,14.041666666666666
8,96.97291666666666
6,0.011111111111111112
1,0.6201388888888889
3,33.420833333333334
6,1.4354166666666666
4,14.235416666666667
1,0.32708333333333334
6,4.053472222222222
3,15.614583333333334
4,26.433333333333334
6,-26.12986111111111
9,32.053472222222226
1,0.38055555555555554
3,3.61875
4,3.3229166666666665
6,-2.0194444444444444
5,57.41597222222222
1,0.5423611111111111
3,15.498611111111112
6,5.536111111111111
4,-5.054166666666666
9,5.621527777777778
5,64.5513888888889
1,0.68125
4,41.94513888888889
3,-21.627083333333335
6,-0.5736111111111111
1,0.47291666666666665
2,0.030555555555555555
6,6.99375
3,0.5020833333333333
5,71.71666666666667
9,-13.081944444444444
4,-56.043055555555554
1,0.3736111111111111
3,1.6256944444444446
4,35.550694444444446
6,-34.81736111111111
1,0.39791666666666664
3,1.601388888888889
6,0.6743055555555556
4,17.735416666666666
1,0.3458333333333333
3,2.6534722222222222
4,7.368055555555555
6,-6.636111111111111
5,48.00763888888889
19,4.7243055555555555
17,0.004861111111111111
6,0.0
6,0.0
15,0.0
15,0.0
20,4.752777777777778
1,3.372916666666667
2,0.09027777777777778
6,3.0395833333333333
3,0.4965277777777778
4,0.6645833333333333
6,11.996527777777779
8,4.904166666666667
3,7.395138888888889
6,13.526388888888889
4,-11.952083333333333
9,15.108333333333333
1,0.49236111111111114
3,0.5069444444444444
6,13.338194444444444
20,1.31875
6,5.670138888888889
5,52.392361111111114
4,-27.970833333333335
20,0.06458333333333334
7,0.05416666666666667
11,1.457638888888889
12,4.392361111111111
1,0.36736111111111114
3,0.6319444444444444
4,20.69236111111111
5,14.685416666666667
6,-34.65138888888889
4,17.011111111111113
3,-6.4534722222222225
6,-2.386111111111111
5,100.42777777777778
2,4.115277777777778
6,14.300694444444444
3,0.12361111111111112
4,0.5881944444444445
1,1.3486111111111112
4,50.31111111111111
3,-48.66041666666667
6,-0.2701388888888889
5,50.96180555555556
1,1.4277777777777778
6,7.135416666666667
8,27.738888888888887
16,0.8590277777777777
1,0.41597222222222224
2,0.03194444444444444
3,7.551388888888889
6,3.660416666666667
5,38.763194444444444
4,-14.677777777777777
1,2.6659722222222224
17,0.8923611111111112
6,43.240972222222226
3,0.2
4,5.6305555555555555
8,11.85
1,0.6513888888888889
2,0.018055555555555554
16,7.947222222222222
3,8.543055555555556
6,12.727777777777778
4,-11.100694444444445
9,11.470833333333333
1,0.4423611111111111
2,1.9458333333333333
3,0.6111111111111112
4,40.704861111111114
5,23.718055555555555
6,-64.1048611111111
4,40.390972222222224
9,21.87361111111111
6,-62.109722222222224
1,0.6548611111111111
3,40.34444444444444
6,1.5951388888888889
4,29.06875
1,0.36527777777777776
3,0.6340277777777777
4,0.7305555555555555
6,0.6520833333333333
9,3.375
5,16.943055555555556
1,0.22291666666666668
2,0.23125
6,4.9534722222222225
3,0.5916666666666667
4,0.6319444444444444
4,0.014583333333333334
15,0.0
15,0.0
15,0.0
15,0.0
15,0.0
15,0.0
15,0.0
6,0.0
6,0.0
15,0.0006944444444444445
15,0.0
15,0.0
15,0.0
15,0.0
15,0.0
15,0.0
15,0.0
15,0.0
15,0.0
15,0.0
15,0.0
15,0.0
15,0.0
15,0.0
15,0.0
15,0.0
15,0.0
6,0.0
6,0.0
6,0.0
6,0.0
15,0.0006944444444444445
15,0.0
15,0.0
15,0.0
15,0.0
15,0.0
15,0.0
6,0.0
6,0.0
3,3.5722222222222224
6,3.4125
5,58.30694444444445
4,-3.0756944444444443
4,76.08888888888889
3,-44.47291666666667
5,68.65763888888888
6,-92.39791666666666
1,0.3388888888888889
3,1.6604166666666667
6,0.44930555555555557
4,56.074305555555554
5,7.114583333333333
1,0.3194444444444444
3,0.6798611111111111
4,32.56805555555555
6,-29.15486111111111
9,33.99861111111111
5,3.245138888888889
1,0.3701388888888889
3,3.629166666666667
6,1.3833333333333333
4,14.213888888888889
9,8.502083333333333
5,21.36111111111111
1,0.32569444444444445
3,3.7152777777777777
4,13.586805555555555
6,-10.195833333333333
9,26.122916666666665
5,8.865972222222222
1,0.5993055555555555
2,0.02847222222222222
3,8.371527777777779
4,14.682638888888889
6,-11.369444444444444
1,0.4173611111111111
7,0.95625
3,0.6256944444444444
4,26.617361111111112
5,30.058333333333334
7,-27.113194444444446
9,9.847222222222221
6,-38.666666666666664
1,0.3416666666666667
3,8.657638888888888
4,25.652083333333334
6,-23.174305555555556
2,0.0
6,1.176388888888889
3,5.497222222222222
4,1.5833333333333333
1,0.37430555555555556
3,1.625
6,0.73125
5,13.647222222222222
4,-10.926388888888889
3,3.38125
4,31.690277777777776
6,-31.303472222222222
1,0.47291666666666665
2,0.029166666666666667
6,15.813194444444445
4,10.065972222222221
3,-1.4770833333333333
5,16.381944444444443
6,-17.689583333333335
3,1.632638888888889
4,22.675694444444446
6,-22.191666666666666
5,65.51597222222222
1,0.4388888888888889
3,9.602083333333333
6,3.5756944444444443
4,35.12083333333333
5,29.960416666666667
1,0.4375
6,60.97152777777778
1,1.3944444444444444
2,0.022222222222222223
3,23.582638888888887
6,2.4743055555555555
4,18.008333333333333
4,21.946527777777778
3,-14.420833333333333
6,-0.6270833333333333
1,0.4840277777777778
3,19.556944444444444
6,2.6215277777777777
5,27.757638888888888
4,-20.95277777777778
8,34.34722222222222
3,0.2881944444444444
6,5.131944444444445
5,51.52291666666667
4,-43.05
1,0.33055555555555555
3,1.66875
4,45.44861111111111
5,10.208333333333334
6,-55.23125
1,0.48125
6,26.25138888888889
6,0.004861111111111111
1,0.5958333333333333
7,13.769444444444444
4,17.340972222222224
3,-10.706944444444444
6,-0.5173611111111112
3,4.374305555555556
11,0.0
6,2.6395833333333334
3,1.4020833333333333
5,34.477777777777774
12,-0.0006944444444444445
4,-12.286111111111111
4,12.297222222222222
1,0.56875
8,0.8548611111111111
6,11.46875
1,0.3173611111111111
3,3.6819444444444445
4,55.41736111111111
5,10.239583333333334
6,-65.35972222222222
1,4.502083333333333
6,6.894444444444445
3,0.6027777777777777
11,0.0
5,30.0
12,-19.305555555555557
4,0.7777777777777778
4,-8.811805555555555
5,30.994444444444444
6,29.67152777777778
4,98.67361111111111
15,-98.67361111111111
5,105.75138888888888
6,-105.75
15,0.0
15,0.0
6,0.0006944444444444445
6,0.0
6,0.0
15,0.0
15,0.0
15,0.0
6,0.0006944444444444445
6,0.0
6,0.0
6,0.0
6,0.0
15,0.0
15,0.0
15,0.0
15,0.0
15,0.0
6,0.0006944444444444445
6,0.0
6,0.0
15,0.0
15,0.0
15,0.0
3,13.04861111111111
6,-13.052083333333334
6,0.001388888888888889
2,0.25972222222222224
6,18.03263888888889
3,0.3034722222222222
4,1.4673611111111111
3,0.5291666666666667
4,0.4826388888888889
6,5.868055555555555
9,0.7520833333333333
5,8.303472222222222
6,11.266666666666667
1,0.3902777777777778
3,10.609027777777778
6,0.5263888888888889
6,0.0006944444444444445
6,0.0006944444444444445
6,0.0
6,0.0006944444444444445
6,0.0
6,0.0006944444444444445
6,0.001388888888888889
6,0.0
6,0.0006944444444444445
6,0.0006944444444444445
6,0.0006944444444444445
6,0.0006944444444444445
6,0.0006944444444444445
6,0.0
6,0.0006944444444444445
6,0.0006944444444444445
6,0.0006944444444444445
6,0.0006944444444444445
6,0.0006944444444444445
6,0.0006944444444444445
6,0.0006944444444444445
6,0.0006944444444444445
6,0.0
6,0.001388888888888889
6,0.0006944444444444445
6,0.0006944444444444445
6,0.0
6,0.0006944444444444445
6,0.0006944444444444445
6,0.001388888888888889
6,0.0
6,0.001388888888888889
4,13.024305555555555
8,4.0375
6,34.96736111111111
20,7.120138888888889
1,0.37916666666666665
4,16.358333333333334
3,-12.738194444444444
6,-0.2673611111111111
1,0.18680555555555556
2,0.27708333333333335
6,4.949305555555555
3,0.5861111111111111
4,7.450694444444444
17,20.108333333333334
17,0.10902777777777778
3,32.27916666666667
17,11.571527777777778
17,0.016666666666666666
1,1.9444444444444444
4,3.8409722222222222
5,2.120138888888889
1,0.36736111111111114
3,0.6319444444444444
6,0.7263888888888889
5,34.65138888888889
4,-14.685416666666667
1,16.403472222222224
4,18.074305555555554
6,-11.8
5,29.78263888888889
1,0.33958333333333335
4,48.384027777777774
3,-2.682638888888889
6,-12.639583333333333
3,10.44513888888889
6,3.3722222222222222
4,87.30555555555556
1,0.7097222222222223
4,48.84027777777778
3,-18.550694444444446
6,-0.6159722222222223
6,19.25625
8,16.463194444444444
13,0.0
6,0.0020833333333333333
1,0.4340277777777778
3,4.565277777777778
4,21.679166666666667
6,-16.053472222222222
5,38.795833333333334
1,0.7229166666666667
1,0.36875
3,2.6305555555555555
6,0.38680555555555557
4,31.170833333333334
5,17.161805555555556
1,1.6208333333333333
6,6.847222222222222
3,0.53125
5,100.71597222222222
9,-17.264583333333334
4,-60.77361111111111
1,0.38819444444444445
2,0.24305555555555555
6,32.855555555555554
1,0.3138888888888889
3,1.6854166666666666
6,1.4006944444444445
5,35.59930555555555
4,-30.461111111111112
1,0.39791666666666664
6,14.974305555555556
3,0.6270833333333333
5,77.04166666666667
4,-49.49861111111111
3,58.55972222222222
4,41.672222222222224
6,-36.28263888888889
1,0.5041666666666667
17,4.907638888888889
2,0.04097222222222222
4,5.967361111111111
3,-5.420833333333333
6,-0.53125
5,114.57291666666667
6,10.735416666666667
1,0.5722222222222222
2,0.11180555555555556
6,3.8826388888888888
3,0.4326388888888889
4,1.6805555555555556
9,41.795138888888886
3,12.290972222222223
4,33.62291666666667
6,-28.332638888888887
5,73.75138888888888
1,0.5791666666666667
1,0.325
3,1.6743055555555555
6,0.29930555555555555
5,42.12361111111111
4,-0.7319444444444444
27,0.04236111111111111
28,0.0
29,0.0
31,0.001388888888888889
30,0.0
32,0.0
1,0.0
3,8.525
4,42.52013888888889
6,-36.94375
1,0.44722222222222224
2,0.013194444444444444
6,4.15
3,2.388888888888889
5,83.69722222222222
4,-77.06180555555555
1,2.4034722222222222
2,0.027777777777777776
3,8.609722222222222
4,27.63125
6,-24.12152777777778
19,4.7243055555555555
17,0.004861111111111111
6,0.06736111111111111
3,1.4569444444444444
5,41.69166666666667
4,-35.09861111111111
1,1.3222222222222222
3,0.6770833333333334
4,15.546527777777778
6,-14.82013888888889
5,43.92916666666667
16,0.0006944444444444445
1,0.6861111111111111
3,27.313194444444445
6,4.454861111111111
4,16.198611111111113
1,0.31875
6,2.0527777777777776
3,0.6277777777777778
4,37.458333333333336
5,10.198611111111111
6,15.92986111111111
3,0.5201388888888889
4,16.448611111111113
1,0.4013888888888889
3,4.597916666666666
6,1.3805555555555555
4,32.30694444444445
9,55.700694444444444
5,10.328472222222222
2,0.0
3,0.6298611111111111
6,0.5041666666666667
4,5.977083333333334
1,0.38819444444444445
3,6.611111111111111
4,2.609722222222222
6,5.022222222222222
9,0.46041666666666664
1,0.32222222222222224
3,3.6770833333333335
6,1.7305555555555556
4,4.65625
5,52.331944444444446
1,0.5729166666666666
3,11.426388888888889
6,1.5395833333333333
4,3.892361111111111
5,81.60972222222222
17,0.09236111111111112
5,20.90625
3,-8.49375
4,-12.245833333333334
1,0.3888888888888889
3,7.610416666666667
4,11.4625
6,-10.7375
3,17.584027777777777
6,3.532638888888889
5,38.206944444444446
9,-36.28333333333333
4,-1.7715277777777778
6,0.8409722222222222
3,25.446527777777778
4,1.4125
1,0.3659722222222222
3,1.6333333333333333
4,24.572222222222223
5,31.427777777777777
6,-52.65694444444444
1,0.33055555555555555
7,0.12291666666666666
6,25.285416666666666
3,0.2604166666666667
4,47.71388888888889
9,30.856944444444444
5,0.12777777777777777
1,0.5451388888888888
3,12.454166666666667
6,6.502083333333333
4,-5.779861111111111
9,5.804861111111111
5,100.16944444444445
1,0.6159722222222223
3,21.383333333333333
4,46.72083333333333
6,-44.16388888888889
1,0.37777777777777777
3,3.6215277777777777
6,1.729861111111111
4,26.74513888888889
1,0.3597222222222222
6,8.022222222222222
3,3.6173611111111112
5,40.65694444444444
4,-29.40625
1,25.368055555555557
17,0.03888888888888889
4,1.9902777777777778
1,1.5527777777777778
6,15.014583333333333
3,0.43194444444444446
4,22.630555555555556
5,70.06597222222223
1,0.44305555555555554
3,13.55625
6,0.6923611111111111
5,55.96458333333333
9,-17.30902777777778
4,-10.839583333333334
3,0.4930555555555556
4,10.578472222222222
5,59.46319444444445
6,-64.65416666666667
3,16.564583333333335
4,5.48125
6,-5.019444444444445
9,27.874305555555555
1,0.3909722222222222
3,6.608333333333333
6,13.536111111111111
4,-12.075694444444444
9,12.6375
5,6.40625
1,0.5027777777777778
1,0.3659722222222222
3,1.6333333333333333
6,0.7736111111111111
4,18.709027777777777
5,24.51736111111111
1,0.5659722222222222
3,7.433333333333334
6,4.329861111111111
4,24.316666666666666
1,0.49027777777777776
2,0.022222222222222223
3,1.4868055555555555
6,2.3680555555555554
5,67.67361111111111
4,-37.31388888888889
15,0.0
15,0.0
15,0.0
15,0.0
15,0.0
15,0.0
15,0.0
15,0.0
15,0.0006944444444444445
15,0.0
15,0.0
15,0.0
15,0.0
15,0.0
15,0.0
15,0.0
15,0.0
15,0.0
15,0.0
15,0.0
15,0.0
15,0.0
15,0.0
15,0.0
15,0.0
15,0.0
15,0.0
15,0.0
15,0.0
15,0.0
15,0.0
15,0.0
15,0.0
15,0.0
15,0.0
15,0.0
15,0.0
15,0.0
15,0.0
15,0.0
15,0.0
15,0.0
15,0.0
15,0.0
15,0.0
15,0.0
15,0.0006944444444444445
6,0.0
15,0.0020833333333333333
15,0.0
15,0.0
15,0.0
15,0.0
15,0.0
15,0.0
15,0.0
15,0.0
15,0.0
15,0.0
15,0.0
15,0.0
15,0.0
15,0.0
15,0.0
15,0.0
15,0.0006944444444444445
15,0.0
15,0.0
15,0.0
15,0.0
15,0.0
15,0.0
15,0.0
15,0.0
15,0.0
15,0.0
15,0.0
15,0.0
15,0.0
15,0.0
15,0.0
15,0.0
6,0.0
15,0.002777777777777778
15,0.0
15,0.0
15,0.0
15,0.0
15,0.0
15,0.0
15,0.0
15,0.0
15,0.0
15,0.0
15,0.0
15,0.0
15,0.0
15,0.0
15,0.0
15,0.0
15,0.0
15,0.0
15,0.0
15,0.0
15,0.0
15,0.0006944444444444445
15,0.0
15,0.0
15,0.0
15,0.0
15,0.0
15,0.0
15,0.0
15,0.0
15,0.0
15,0.0
15,0.0
15,0.0
15,0.0
15,0.0
15,0.0
15,0.0
6,0.0
15,0.003472222222222222
15,0.0
15,0.0
15,0.0
15,0.0
15,0.0
15,0.0
15,0.0006944444444444445
15,0.0
15,0.0
15,0.0
15,0.0
15,0.0
15,0.0
15,0.0
15,0.0
15,0.0
15,0.0
15,0.0
15,0.0
15,0.0
15,0.0
15,0.0
15,0.0
15,0.0
15,0.0
6,0.0
15,0.002777777777777778
15,0.0
15,0.0
15,0.0
15,0.0
15,0.0
15,0.0
15,0.0
15,0.0
15,0.0
15,0.0
15,0.0
15,0.0
15,0.0
15,0.0
15,0.0
15,0.0
15,0.0
15,0.0
15,0.0006944444444444445
15,0.0
15,0.0
15,0.0
15,0.0
15,0.0
15,0.0
15,0.0
15,0.0
15,0.0
15,0.0
15,0.0
15,0.0
6,0.0
15,0.003472222222222222
15,0.0
15,0.0
15,0.0006944444444444445
15,0.0
15,0.0
15,0.0
15,0.0
15,0.0
15,0.0
15,0.0
15,0.0
15,0.0
15,0.0
15,0.0
15,0.0
15,0.0
15,0.0
15,0.0
15,0.0
15,0.0
15,0.0
15,0.0
15,0.0
6,0.0
15,0.002777777777777778
15,0.0
15,0.0
15,0.0006944444444444445
15,0.0
15,0.0
15,0.0
15,0.0
15,0.0
15,0.0
15,0.0
15,0.0
15,0.0
15,0.0
15,0.0
15,0.0
15,0.0
15,0.0
15,0.0
15,0.0
15,0.0
15,0.0
15,0.0
15,0.0
15,0.0
15,0.0
15,0.0
15,0.0
15,0.0
15,0.0
15,0.0
15,0.0
15,0.0
15,0.0
15,0.0
15,0.0006944444444444445
15,0.0
15,0.0
6,0.0
15,0.008333333333333333
15,0.0
15,0.0
15,0.0006944444444444445
15,0.0
15,0.0
15,0.0
15,0.0
15,0.0
15,0.0
15,0.0
15,0.0
15,0.0
15,0.0
15,0.0
15,0.0
15,0.0
15,0.0
15,0.0
15,0.0
15,0.0
15,0.0
15,0.0
15,0.0
15,0.0
15,0.0
15,0.0
6,0.0
15,0.006944444444444444
15,0.0
15,0.0
15,0.0
15,0.0
15,0.0
15,0.0
15,0.0
15,0.0
6,0.0
6,7.929861111111111
3,0.46111111111111114
4,7.374305555555556
5,47.2375
1,0.5506944444444445
3,11.448611111111111
6,1.4895833333333333
4,0.14652777777777778
1,0.6416666666666667
6,16.764583333333334
3,0.5930555555555556
4,46.59861111111111
6,0.001388888888888889
1,0.18958333333333333
2,0.20694444444444443
4,7.198611111111111
3,-2.595833333333333
6,-0.6368055555555555
7,0.0006944444444444445
3,4.553472222222222
10,7.444444444444445
4,16.166666666666668
6,-14.135416666666666
16,8.725
1,0.1909722222222222
2,0.2701388888888889
16,37.078472222222224
1,0.3090277777777778
3,0.6902777777777778
4,4.520833333333333
5,15.1
6,-16.247916666666665
6,31.89097222222222
1,0.42083333333333334
16,8.113194444444444
1,1.5465277777777777
3,15.452777777777778
6,2.7708333333333335
5,79.9263888888889
4,-35.0375
8,1.038888888888889
4,0.9381944444444444
3,-0.4083333333333333
5,44.0
6,-44.52916666666667
3,14.318055555555556
5,69.42222222222222
11,-64.42222222222222
6,4.283333333333333
9,0.3993055555555556
12,0.6930555555555555
4,-7.874305555555556
5,101.19652777777777
6,0.0006944444444444445
4,35.916666666666664
3,-24.56388888888889
6,-0.27361111111111114
3,12.458333333333334
6,4.601388888888889
5,66.11458333333333
9,-17.264583333333334
4,-47.829861111111114
1,0.20694444444444443
3,8.792361111111111
4,5.701388888888889
6,-4.129166666666666
9,5.523611111111111
1,1.4013888888888888
4,3.988888888888889
3,-0.3909722222222222
6,-0.3958333333333333
5,21.09722222222222
1,0.3854166666666667
3,2.613888888888889
4,25.590972222222224
6,-21.861805555555556
1,1.2048611111111112
2,0.2604166666666667
4,12.184722222222222
3,-3.6506944444444445
5,99.04166666666667
6,-99.56041666666667
4,9.890277777777778
3,-5.307638888888889
5,97.04166666666667
6,-100.64375
6,9.166666666666666
3,0.42777777777777776
4,4.689583333333333
2,2.015277777777778
6,12.295833333333333
3,0.20972222222222223
4,1.5479166666666666
1,1.3333333333333333
6,22.1625
1,0.4048611111111111
7,1.25
6,11.835416666666667
3,0.5090277777777777
5,101.04166666666667
4,-95.52222222222223
1,0.6680555555555555
3,2.33125
6,11.410416666666666
5,79.0111111111111
9,-66.83611111111111
4,-5.133333333333334
1,1.5652777777777778
3,17.475694444444443
4,32.59027777777778
6,-30.049305555555556
1,0.4951388888888889
10,15.090972222222222
10,1.9597222222222221
3,19.49513888888889
4,6.589583333333334
2,4.838888888888889
13,0.0
9,36.102777777777774
1,0.3888888888888889
6,5.285416666666666
3,2.325
4,21.436805555555555
1,8.658333333333333
3,9.38263888888889
4,0.6597222222222222
6,3.734027777777778
9,0.7090277777777778
5,59.897222222222226
1,0.6020833333333333
6,12.799305555555556
3,0.6395833333333333
4,5.383333333333334
5,57.27152777777778
1,0.6465277777777778
6,17.091666666666665
1,0.33055555555555555
3,2.66875
6,0.7305555555555555
4,13.82013888888889
1,0.6277777777777778
3,13.413194444444445
4,28.367361111111112
6,-27.93125
1,0.3388888888888889
3,0.6604166666666667
6,0.7277777777777777
4,17.920833333333334
5,30.070138888888888
2,1.0118055555555556
4,15.236805555555556
3,-0.7111111111111111
6,-0.3798611111111111
9,7.827083333333333
1,0.4722222222222222
2,0.03125
6,6.156944444444444
3,0.3388888888888889
5,72.71666666666667
9,-13.081944444444444
4,-56.08541666666667
2,0.19444444444444445
6,29.82777777777778
3,0.5173611111111112
4,5.4375
1,1.3256944444444445
3,0.6736111111111112
6,0.7291666666666666
5,64.98958333333333
4,-43.19305555555555
1,0.35138888888888886
3,25.647916666666667
4,2.4930555555555554
6,1.2493055555555554
9,0.34652777777777777
5,15.651388888888889
4,25.949305555555554
3,-9.60763888888889
6,-7.583333333333333
9,23.99513888888889
1,1.35
3,7.649305555555555
6,1.7375
4,33.696527777777774
5,45.607638888888886
3,13.352083333333333
4,5.482638888888889
6,-3.95
9,18.207638888888887
5,86.95625
3,24.469444444444445
8,0.7055555555555556
4,2.984722222222222
6,-2.9611111111111112
5,48.69097222222222
1,0.6277777777777778
4,56.05694444444445
3,-17.64375
5,51.611805555555556
6,-52.231944444444444
1,0.32708333333333334
4,19.948611111111113
3,-13.276388888888889
6,-0.2652777777777778
5,48.92777777777778
1,0.4340277777777778
2,0.041666666666666664
3,6.523611111111111
6,0.3229166666666667
4,6.226388888888889
9,30.926388888888887
1,0.3527777777777778
4,4.44375
3,0.20277777777777778
6,1.3145833333333334
9,0.22847222222222222
5,37.456944444444446
3,0.5125
6,6.558333333333334
4,33.047222222222224
5,15.113194444444444
8,0.9875
3,42.43055555555556
4,5.538888888888889
6,-5.0055555555555555
1,0.19236111111111112
7,0.42430555555555555
2,0.9347222222222222
4,13.956944444444444
3,-3.467361111111111
6,-3.60625
15,0.0
15,0.0
15,0.0
15,0.0
15,0.0
15,0.0
15,0.0
15,0.0
15,0.0
15,0.0
15,0.0
15,0.0
15,0.0
15,0.0
15,0.0
15,0.0
15,0.0
15,0.0
15,0.0
15,0.0
15,0.0
15,0.0
15,0.0
6,0.0
15,0.0006944444444444445
15,0.0
15,0.0
15,0.0
15,0.0
15,0.0
15,0.0
15,0.0
15,0.0
15,0.0
15,0.0
6,0.0
15,0.0006944444444444445
15,0.0
15,0.0
15,0.0
15,0.0
15,0.0
15,0.0
15,0.0
15,0.0
15,0.0
15,0.0
15,0.0
6,0.0
6,0.0
6,0.0
1,187.49305555555554
6,15.024305555555555
5,14.136111111111111
4,-6.294444444444444
1,0.3402777777777778
3,15.659027777777778
5,21.461111111111112
4,-17.99513888888889
9,0.6208333333333333
6,-0.3541666666666667
1,0.6277777777777778
1,0.4534722222222222
8,17.220833333333335
8,14.025
8,7.004166666666666
8,1.7993055555555555
3,1.5381944444444444
4,41.62708333333333
6,-37.21805555555556
6,19.76597222222222
1,0.5756944444444444
2,0.04027777777777778
3,0.38333333333333336
6,0.3993055555555556
5,91.64236111111111
4,-67.42847222222223
3,4.334722222222222
6,1.9097222222222223
4,28.6375
4,20.054861111111112
3,-1.4326388888888888
5,27.50138888888889
6,-42.15069444444445
1,1.35
3,3.6493055555555554
4,27.466666666666665
6,-26.729166666666668
5,48.00277777777778
4,27.04722222222222
3,-9.611805555555556
6,-8.49375
1,0.8125
6,6.826388888888889
13,0.13055555555555556
17,0.05763888888888889
7,36.94861111111111
8,10.026388888888889
6,0.8270833333333333
6,8.134027777777778
3,1.4604166666666667
4,4.680555555555555
6,19.257638888888888
6,22.82638888888889
3,22.620833333333334
4,38.43055555555556
2,0.0
4,27.008333333333333
3,-8.386111111111111
5,96.04166666666667
6,-113.5736111111111
1,0.1798611111111111
2,0.27152777777777776
6,4.995833333333334
3,0.59375
4,1.5486111111111112
1,2.3777777777777778
3,6.621527777777778
4,0.6326388888888889
6,2.7583333333333333
9,0.12083333333333333
1,0.5847222222222223
6,19.835416666666667
16,3.90625
1,0.375
6,5.054861111111111
3,0.5694444444444444
4,13.3
5,3.2895833333333333
3,8.332638888888889
6,0.47152777777777777
5,49.268055555555556
4,-23.257638888888888
1,0.3993055555555556
6,3.1347222222222224
3,18.46527777777778
4,32.673611111111114
1,1.3847222222222222
3,0.65625
6,1.4020833333333333
4,0.9770833333333333
5,64.62083333333334
6,0.0
6,0.0
6,0.0
15,0.0
15,0.0
15,0.0
15,0.0
6,0.0006944444444444445
15,0.0
20,1.1958333333333333
20,0.05763888888888889
20,3.942361111111111
1,0.7215277777777778
2,0.018055555555555554
6,30.99375
3,0.2659722222222222
4,3.6958333333333333
3,2.422222222222222
4,3.7597222222222224
6,-0.22013888888888888
5,17.2
1,0.4909722222222222
4,3.247916666666667
3,0.2604166666666667
6,2.3756944444444446
9,0.7652777777777777
5,14.370833333333334
3,14.572916666666666
4,0.3680555555555556
6,5.426388888888889
1,0.6993055555555555
4,28.023611111111112
3,-1.7236111111111112
6,-0.5722222222222222
19,4.7243055555555555
17,0.004861111111111111
3,8.573611111111111
6,0.3819444444444444
4,22.277083333333334
5,27.08125
1,0.3701388888888889
3,0.6291666666666667
4,21.74513888888889
6,-20.997916666666665
5,48.90833333333333
1,0.19722222222222222
2,0.25069444444444444
4,10.95486111111111
3,-0.40347222222222223
5,102.04166666666667
6,-108.67708333333333
1,0.6222222222222222
6,35.766666666666666
1,0.1763888888888889
2,0.37430555555555556
6,4.848611111111111
3,0.6
4,6.448611111111111
1,0.46041666666666664
8,3.9770833333333333
6,53.06875
3,15.614583333333334
4,26.433333333333334
6,-26.12986111111111
9,32.053472222222226
1,0.3347222222222222
3,0.6645833333333333
4,1.7159722222222222
5,19.858333333333334
6,-20.247916666666665
8,27.99652777777778
3,0.6208333333333333
4,20.49513888888889
5,43.15972222222222
6,-61.988194444444446
1,3.845138888888889
2,0.5645833333333333
3,1.5895833333333333
4,1.7354166666666666
6,-1.4090277777777778
9,57.30833333333333
5,13.081944444444444
1,1.3569444444444445
3,3.642361111111111
6,4.3277777777777775
4,21.252083333333335
4,10.256944444444445
3,-3.6333333333333333
6,-3.321527777777778
5,28.783333333333335
1,1.3701388888888888
4,1.3923611111111112
3,0.23680555555555555
6,2.3291666666666666
9,0.7708333333333334
5,27.35972222222222
1,2.3784722222222223
6,10.184722222222222
4,2.69375
5,29.743055555555557
1,0.5055555555555555
16,0.020833333333333332
17,0.0
1,0.5805555555555556
6,23.832638888888887
3,7.627777777777778
4,24.555555555555557
4,14.005555555555556
3,-2.421527777777778
6,-1.3284722222222223
5,20.976388888888888
1,2.3180555555555555
3,31.722916666666666
6,0.5458333333333333
4,22.134722222222223
1,0.4097222222222222
3,8.589583333333334
4,1.6784722222222221
6,4.722222222222222
9,0.6930555555555555
1,0.3388888888888889
3,1.6604166666666667
4,16.5875
5,48.08819444444445
9,-17.26597222222222
6,-46.675
1,0.41180555555555554
2,0.04861111111111111
4,8.105555555555556
3,-5.566666666666666
6,-0.2722222222222222
5,77.96944444444445
1,0.5104166666666666
2,2.9097222222222223
3,8.579166666666667
6,1.3270833333333334
4,13.374305555555555
5,22.759027777777778
1,0.6083333333333333
3,26.39097222222222
6,0.3909722222222222
4,14.24236111111111
5,66.40833333333333
4,31.85625
3,-18.37847222222222
6,-2.8958333333333335
5,51.55277777777778
1,0.18611111111111112
2,0.22291666666666668
16,6.071527777777778
4,21.688194444444445
6,-21.688194444444445
6,0.0
6,0.0
6,0.0
6,0.0
6,0.0
6,0.0
6,0.0
15,0.0
15,0.0
15,0.0
15,0.0
15,0.0
15,0.0
15,0.0
15,0.0
15,0.0
6,0.0006944444444444445
6,0.0
6,0.0
6,0.0
6,0.0
6,0.0
6,0.0
6,0.0
6,0.0
6,0.0
6,0.0
6,0.0
6,0.0
6,0.0
15,0.0
15,0.0
15,0.0
15,0.0
15,0.0
15,0.0
15,0.0
15,0.0
15,0.0
15,0.0
15,0.0
15,0.0
15,0.0
15,0.0
6,0.0006944444444444445
6,0.0
6,0.0
6,0.0
6,0.0
6,0.0
6,0.0
15,0.0
15,0.0
15,0.0
15,0.0
15,0.0
15,0.0
15,0.0
15,0.0
15,0.0
6,0.0006944444444444445
6,0.0
6,0.0
6,0.0
6,0.0
6,0.0
6,0.0
6,0.0
15,0.0
15,0.0
15,0.0
15,0.0
15,0.0
15,0.0
15,0.0
15,0.0
15,0.0
6,0.0006944444444444445
6,0.0
6,0.0
6,0.0
6,0.0
6,0.0
6,0.0
6,0.0
6,0.0
6,0.0
6,0.0
6,0.0
15,0.0
15,0.0
15,0.0
15,0.0
15,0.0
15,0.0
15,0.0
15,0.0
15,0.0
15,0.0
15,0.0
15,0.0
6,0.0006944444444444445
6,0.0
6,0.0
6,0.0
6,0.0
15,0.0
15,0.0
15,0.0
15,0.0
15,0.0
6,0.001388888888888889
6,0.0
6,0.0
15,0.0
15,0.0
15,0.0
6,0.0006944444444444445
6,0.0
6,0.0
6,0.0
6,0.0
6,0.0
6,0.0
6,0.0
6,0.0
15,0.0
15,0.0
15,0.0
15,0.0
15,0.0
15,0.0
15,0.0
15,0.0
15,0.0
3,18.049305555555556
6,-18.054861111111112
5,85.47916666666667
6,3.109027777777778
4,44.0875
3,-10.566666666666666
6,-20.366666666666667
4,21.95138888888889
3,-7.355555555555555
6,-0.3229166666666667
9,14.797222222222222
6,19.1625
3,1.5486111111111112
6,16.497916666666665
4,10.089583333333334
5,32.4125
1,1.48125
6,19.45625
3,0.10347222222222222
4,62.7
1,1.3875
3,11.611805555555556
4,18.72361111111111
5,22.7375
6,-38.02152777777778
8,27.85763888888889
6,0.0006944444444444445
3,0.49930555555555556
5,74.04166666666667
4,-70.29027777777777
4,17.150694444444444
3,-7.511805555555555
5,43.46180555555556
6,-49.769444444444446
1,1.1861111111111111
2,0.1701388888888889
3,4.643055555555556
6,0.46805555555555556
4,6.156944444444444
6,11.828472222222222
3,0.5458333333333333
4,6.475
1,0.36736111111111114
5,15.358333333333333
11,-13.72638888888889
3,0.0
4,-0.21736111111111112
12,13.943055555555556
6,-9.41388888888889
4,9.42013888888889
5,29.727777777777778
1,0.37916666666666665
2,14.052777777777777
3,4.567361111111111
6,2.3618055555555557
5,46.06180555555556
4,-14.681944444444444
1,0.42916666666666664
3,11.57013888888889
6,0.49236111111111114
4,27.132638888888888
3,16.261805555555554
6,0.44166666666666665
4,5.9125
9,28.119444444444444
8,0.013194444444444444
3,1.5631944444444446
6,0.37083333333333335
5,42.077083333333334
4,-22.80625
4,60.38263888888889
3,-22.68611111111111
6,-16.34236111111111
5,45.020833333333336
4,7.9215277777777775
9,7.082638888888889
5,21.31736111111111
6,5.206944444444445
3,0.3423611111111111
4,0.41180555555555554
5,51.58819444444445
21,13.060416666666667
16,0.8472222222222222
3,7.597222222222222
4,1.6854166666666666
6,4.823611111111111
9,0.59375
1,0.37083333333333335
6,8.021527777777777
6,0.23125
1,1.75625
3,18.28472222222222
4,24.252777777777776
5,34.40277777777778
7,-34.111111111111114
9,9.865277777777777
6,-33.92638888888889
3,1.5020833333333334
4,19.361805555555556
6,-11.975
1,0.1798611111111111
2,0.27152777777777776
4,7.215277777777778
3,-1.6256944444444446
6,-0.59375
1,0.4777777777777778
2,2.3090277777777777
6,14.525
1,0.3875
3,0.6118055555555556
4,28.582638888888887
5,28.072916666666668
6,-55.924305555555556
1,0.18333333333333332
2,0.2569444444444444
3,1.5590277777777777
6,1.5291666666666666
5,35.19027777777778
4,-24.34861111111111
1,0.30625
3,5.6930555555555555
4,21.574305555555554
6,-20.680555555555557
1,2.670138888888889
3,9.329166666666667
6,3.55625
4,18.103472222222223
8,3.0868055555555554
6,7.860416666666667
4,18.970833333333335
3,-7.491666666666666
6,-1.1388888888888888
1,7.388194444444444
3,0.6111111111111112
6,0.7034722222222223
4,13.924305555555556
1,4.436805555555556
6,2.1368055555555556
4,59.079861111111114
5,3.0027777777777778
6,62.768055555555556
3,23.544444444444444
4,38.43055555555556
1,0.7166666666666667
6,14.788194444444445
3,0.6263888888888889
4,34.43472222222222
5,35.22013888888889
6,-68.92777777777778
1,0.5111111111111111
6,27.069444444444443
1,28.319444444444443
17,0.04652777777777778
4,1.0576388888888888
1,0.3701388888888889
3,0.6291666666666667
4,14.770833333333334
6,-11.502777777777778
5,38.450694444444444
1,0.40069444444444446
3,13.640277777777778
6,9.634722222222223
4,-8.013194444444444
9,8.475
6,13.92986111111111
1,0.44166666666666665
3,21.599305555555556
4,1.4729166666666667
3,-0.47291666666666665
6,-0.5902777777777778
5,36.97152777777778
5,0.0
1,0.6069444444444444
6,34.388194444444444
1,0.3854166666666667
3,2.613888888888889
6,3.7291666666666665
4,21.861805555555556
6,13.171527777777778
3,1.2805555555555554
5,66.0
9,-59.897222222222226
4,-4.917361111111111
1,0.5819444444444445
6,2.8868055555555556
1,0.35208333333333336
3,0.6472222222222223
6,0.7277777777777777
4,32.99513888888889
9,1.9326388888888888
5,13.063194444444445
4,9.98125
3,-1.7097222222222221
5,56.65555555555556
6,-57.03958333333333
1,0.3993055555555556
2,0.030555555555555555
6,6.071527777777778
3,0.4979166666666667
4,2.698611111111111
9,70.93611111111112
5,13.081944444444444
6,1.2048611111111112
3,14.377777777777778
4,16.568055555555556
1,0.32013888888888886
6,2.9875
3,6.691666666666666
4,0.36666666666666664
5,28.288888888888888
1,0.40069444444444446
16,7.927083333333333
1,3.342361111111111
7,1.0534722222222221
3,12.603472222222223
6,0.40347222222222223
5,79.63819444444445
4,-64.38333333333334
1,0.37222222222222223
3,5.627083333333333
6,0.45069444444444445
4,58.138888888888886
6,0.0
15,0.0
6,0.001388888888888889
15,0.0
15,0.0
6,0.0006944444444444445
15,0.0
1,0.4465277777777778
3,11.552777777777777
6,2.513888888888889
4,0.9041666666666667
3,3.279861111111111
4,2.7256944444444446
6,0.7208333333333333
9,0.6513888888888889
1,0.43472222222222223
6,2.9680555555555554
3,-0.40347222222222223
4,-0.27291666666666664
9,1.3666666666666667
1,0.3333333333333333
4,49.21736111111111
3,-38.55138888888889
5,59.420833333333334
6,-63.67638888888889
1,2.609722222222222
16,0.02361111111111111
1,0.5965277777777778
2,0.020833333333333332
6,5.075
3,0.30694444444444446
4,15.5875
1,1.4055555555555554
2,0.013194444444444444
6,6.259722222222222
3,1.3208333333333333
4,12.488194444444444
5,86.20902777777778
1,0.19583333333333333
2,0.2708333333333333
4,19.01736111111111
3,-13.484722222222222
6,-0.47708333333333336
3,0.65625
5,20.656944444444445
6,-19.924305555555556
9,0.3527777777777778
4,-0.3875
1,1.5923611111111111
3,34.44861111111111
4,29.596527777777776
5,28.05763888888889
6,-57.272222222222226
2,0.0
6,1.2180555555555554
3,1.4027777777777777
4,5.492361111111111
6,0.0006944444444444445
17,0.9215277777777777
7,27.8
1,0.71875
2,0.011111111111111112
6,33.83125
1,0.5756944444444444
8,51.94027777777778
3,0.525
4,48.43472222222222
6,-47.98125
1,8.583333333333334
3,11.457638888888889
4,4.333333333333333
6,-1.9597222222222221
1,2.598611111111111
6,19.974305555555556
3,0.4263888888888889
5,44.65416666666667
4,-28.461805555555557
1,1.1958333333333333
2,0.2972222222222222
25,0.0
25,6.186805555555556
16,13.071527777777778
1,0.3854166666666667
4,46.28333333333333
20,-26.38888888888889
5,99.41666666666667
3,-98.69722222222222
8,13.65625
6,-15.264583333333333
6,0.8909722222222223
1,1.3590277777777777
3,3.640277777777778
4,26.49861111111111
6,-26.174305555555556
3,2.326388888888889
6,0.32569444444444445
4,22.073611111111113
1,0.31180555555555556
7,0.11458333333333333
6,3.3472222222222223
3,0.2673611111111111
4,41.64930555555556
5,2.9409722222222223
1,0.40555555555555556
7,6.098611111111111
6,13.022222222222222
3,1.5145833333333334
4,62.56805555555555
9,4.84375
1,0.7270833333333333
6,29.186805555555555
1,0.725
6,18.960416666666667
4,28.677083333333332
3,-1.3069444444444445
5,45.0
6,-49.54097222222222
1,0.17916666666666667
2,0.2881944444444444
3,3.5319444444444446
6,0.4888888888888889
4,8.124305555555555
6,0.03611111111111111
3,0.5673611111111111
4,0.4097222222222222
5,20.247222222222224
1,0.6798611111111111
3,22.319444444444443
4,12.488194444444444
6,-12.095833333333333
5,63.02708333333333
1,7.354166666666667
4,6.211805555555555
6,-4.221527777777778
5,22.115972222222222
3,34.578472222222224
17,15.38263888888889
1,0.0
17,0.0763888888888889
4,8.097916666666666
17,4.035416666666666
17,0.0
17,29.97222222222222
17,0.07777777777777778
3,5.488194444444445
4,19.369444444444444
5,38.30555555555556
7,-35.13472222222222
11,21.459722222222222
24,6.3277777777777775
9,0.19375
6,-49.03541666666667
3,19.42222222222222
4,22.542361111111113
5,43.17777777777778
6,-64.77847222222222
1,0.20208333333333334
2,0.13333333333333333
3,5.663888888888889
4,6.595138888888889
6,-6.188888888888889
1,0.41388888888888886
3,10.585416666666667
6,3.3555555555555556
4,-2.676388888888889
9,3.4208333333333334
5,97.94166666666666
1,0.3840277777777778
6,13.990972222222222
3,0.6243055555555556
5,52.422222222222224
4,-35.77430555555556
1,0.5770833333333333
8,0.8916666666666667
4,11.102777777777778
3,-5.572222222222222
5,37.0
6,-37.425694444444446
3,9.564583333333333
6,4.541666666666667
4,38.111111111111114
5,35.045138888888886
1,0.43472222222222223
6,26.245833333333334
1,0.4097222222222222
2,0.07013888888888889
6,13.215972222222222
3,0.3451388888888889
4,15.461805555555555
9,41.013888888888886
1,1.4243055555555555
2,0.015277777777777777
4,7.159722222222222
3,-1.6
6,-3.310416666666667
1,1.5284722222222222
6,9.038194444444445
3,0.47430555555555554
4,7.469444444444444
1,0.35347222222222224
7,0.08263888888888889
3,1.5631944444444446
4,56.481944444444444
6,-55.75138888888889
5,63.013194444444444
1,0.32916666666666666
3,0.6701388888888888
6,1.3131944444444446
4,0.14583333333333334
5,43.54097222222222
3,44.393055555555556
4,53.68263888888889
6,-53.18680555555556
3,2.5791666666666666
4,6.586805555555555
6,-1.025
1,0.4409722222222222
7,7.99375
3,8.564583333333333
4,51.61944444444445
6,-48.16319444444444
1,0.3541666666666667
3,0.6451388888888889
4,2.4590277777777776
6,-1.0375
9,71.71597222222222
5,7.284027777777778
1,0.17916666666666667
2,0.2881944444444444
3,3.5319444444444446
4,8.613194444444444
6,-8.124305555555555
4,22.069444444444443
3,-0.5826388888888889
6,-3.4819444444444443
5,70.48194444444445
3,0.5875
6,2.5118055555555556
5,49.15069444444445
4,-35.02986111111111
3,1.5215277777777778
4,0.6020833333333333
6,4.749305555555556
9,9.122916666666667
5,27.02986111111111
1,0.3770833333333333
3,3.6222222222222222
6,5.7340277777777775
4,-0.11736111111111111
9,1.4736111111111112
6,7.095138888888889
3,3.3152777777777778
5,70.04166666666667
4,-67.52638888888889
1,1.3847222222222222
3,0.65625
4,2.379166666666667
6,-0.9770833333333333
5,65.59791666666666
16,3.1444444444444444
1,0.375
3,1.6243055555555554
6,3.392361111111111
4,28.156944444444445
5,17.872222222222224
1,0.38819444444444445
2,1.163888888888889
3,13.488888888888889
6,5.396527777777778
5,30.98263888888889
4,-21.868055555555557
6,0.0
6,0.0
15,0.0
15,0.0
6,0.0006944444444444445
6,0.0
6,0.0
6,0.0
15,0.0
15,0.0
15,0.0
15,0.0
1,0.40208333333333335
3,7.597222222222222
4,49.641666666666666
6,-49.02430555555556
6,7.63125
3,3.8194444444444446
5,50.74027777777778
4,-43.109722222222224
1,0.5722222222222222
2,0.11180555555555556
3,24.315277777777776
6,0.3277777777777778
4,1.2493055555555554
6,21.02638888888889
3,0.36319444444444443
4,0.5333333333333333
9,6.940972222222222
1,0.8493055555555555
4,10.890277777777778
3,-1.698611111111111
6,-0.5402777777777777
9,5.643055555555556
6,9.808333333333334
3,3.673611111111111
4,18.383333333333333
5,30.273611111111112
3,8.386111111111111
6,1.3965277777777778
4,20.978472222222223
6,0.0
6,0.0
15,0.0
15,0.0
6,0.0006944444444444445
6,0.0
6,0.0
15,0.0
15,0.0
15,0.0
20,2.5131944444444443
2,0.0
6,7.154861111111111
3,5.508333333333334
5,96.04166666666667
4,-87.55
1,1.3763888888888889
3,1.6229166666666666
6,0.7270833333333333
4,19.82777777777778
1,0.4625
3,29.57847222222222
5,64.675
6,-59.15416666666667
9,41.888888888888886
4,-45.170138888888886
1,0.6694444444444444
3,48.37152777777778
6,0.3486111111111111
4,10.21875
9,40.90833333333333
6,21.043055555555554
1,1.3527777777777779
3,1.6465277777777778
6,0.7319444444444444
4,35.02291666666667
5,14.963888888888889
2,0.0
6,8.172222222222222
3,3.4451388888888888
4,8.347916666666666
5,87.69375
1,0.44166666666666665
2,0.019444444444444445
4,10.16875
3,-2.6305555555555555
6,-0.31319444444444444
9,44.78888888888889
1,6.4840277777777775
3,11.515277777777778
4,34.635416666666664
6,-34.14375
16,0.01597222222222222
1,5.611805555555556
6,41.74861111111111
1,0.34930555555555554
6,1.38125
3,1.26875
5,30.0
4,-29.534027777777776
1,4.391666666666667
3,6.649305555555555
4,1.6875
6,4.777083333333334
9,0.6381944444444444
3,13.327777777777778
6,6.440972222222222
4,14.047222222222222
5,2.8930555555555557
1,1.3680555555555556
3,1.63125
6,0.7347222222222223
4,35.923611111111114
5,21.763194444444444
1,1.3729166666666666
3,1.6263888888888889
6,0.7270833333333333
4,-0.26319444444444445
9,0.6291666666666667
5,21.56388888888889
1,0.48125
3,11.518055555555556
6,18.70138888888889
4,-5.964583333333334
19,4.7243055555555555
17,0.004861111111111111
1,0.6423611111111112
3,23.356944444444444
4,28.632638888888888
6,-28.19097222222222
4,38.09097222222222
3,-5.651388888888889
6,-7.372222222222222
1,1.3722222222222222
5,39.62708333333333
3,-38.0
6,0.7340277777777777
9,0.3645833333333333
4,-1.3291666666666666
6,15.093055555555555
3,1.426388888888889
4,17.4375
9,44.94027777777778
1,0.18680555555555556
2,0.2763888888888889
6,4.95
3,0.5861111111111111
4,7.3902777777777775
4,0.044444444444444446
1,0.39791666666666664
8,0.1423611111111111
3,24.500694444444445
4,2.622916666666667
6,-1.0791666666666666
6,9.041666666666666
3,7.51875
4,4.668055555555555
1,24.349305555555556
17,0.014583333333333334
4,2.1659722222222224
6,0.0
6,0.0
6,0.0
15,0.0
15,0.0
15,0.0
6,0.0006944444444444445
6,0.0
6,0.0
15,0.0
15,0.0
15,0.0
1,0.6576388888888889
6,8.8
3,0.5416666666666666
4,12.339583333333334
6,7.832638888888889
1,0.37083333333333335
3,7.628472222222222
8,3.638888888888889
3,4.361111111111111
8,2.561111111111111
6,0.0
4,0.8506944444444444
4,8.970833333333333
9,49.135416666666664
5,0.2013888888888889
9,13.918055555555556
5,1.10625
1,0.41875
2,0.03194444444444444
4,7.143055555555556
3,-2.5944444444444446
5,71.71666666666667
9,-13.081944444444444
6,-59.138194444444444
1,0.49583333333333335
2,0.027083333333333334
6,6.0875
3,0.3888888888888889
4,5.279166666666667
5,79.14236111111111
1,0.3736111111111111
3,1.6256944444444446
5,20.647916666666667
4,-20.144444444444446
9,0.5965277777777778
6,-0.3736111111111111
3,13.53125
4,7.664583333333334
6,-6.847222222222222
1,0.48055555555555557
6,0.003472222222222222
6,21.020833333333332
4,50.202777777777776
3,-38.61666666666667
6,-8.321527777777778
9,53.989583333333336
3,10.570833333333333
6,3.5833333333333335
4,22.0125
5,51.827083333333334
1,0.5340277777777778
3,6.465277777777778
4,14.593055555555555
6,-14.235416666666667
1,0.33055555555555555
3,1.66875
4,45.44861111111111
6,-45.02291666666667
5,55.23125
1,0.3902777777777778
3,1.6090277777777777
6,0.7319444444444444
5,56.925
4,-29.073611111111113
1,0.39166666666666666
3,1.6076388888888888
6,0.7305555555555555
5,49.269444444444446
4,-43.33263888888889
1,0.6173611111111111
3,29.381944444444443
6,2.5395833333333333
4,2.198611111111111
1,3.834722222222222
1,1.1958333333333333
2,0.3090277777777778
6,11.829166666666667
3,0.6652777777777777
4,6.618055555555555
1,1.4583333333333333
6,7.084722222222222
3,2.45625
4,5.405555555555556
3,12.340277777777779
4,30.691666666666666
6,-28.06597222222222
9,40.87152777777778
6,10.15
6,0.0763888888888889
3,43.418055555555554
4,5.547916666666667
6,-5.024305555555555
1,0.3729166666666667
3,1.6263888888888889
6,0.7305555555555555
6,0.002777777777777778
4,19.800694444444446
9,0.5659722222222222
5,29.9
4,78.07430555555555
3,-40.638194444444444
6,-0.2875
6,15.001388888888888
3,5.534027777777778
4,30.463194444444444
3,5.3694444444444445
6,0.5111111111111111
4,9.903472222222222
5,84.62708333333333
1,0.4673611111111111
4,37.265277777777776
3,-1.7333333333333334
6,-5.542361111111111
6,22.877777777777776
3,0.49444444444444446
13,0.40625
5,78.63541666666667
4,-70.43819444444445
3,7.389583333333333
4,7.50625
6,-7.120138888888889
9,16.17361111111111
5,70.48194444444445
16,3.057638888888889
1,2.609027777777778
3,8.390277777777778
6,0.37222222222222223
5,85.66944444444445
4,-80.66944444444445
1,0.38055555555555554
3,3.61875
6,1.3034722222222221
4,2.0194444444444444
5,55.39652777777778
8,13.191666666666666
6,0.016666666666666666
1,1.6236111111111111
8,0.9833333333333333
8,1.851388888888889
8,6.115972222222222
6,1.76875
8,24.34027777777778
13,0.0
8,3.797222222222222
3,6.615972222222222
4,45.704166666666666
6,-44.147222222222226
5,86.48472222222222
8,0.0006944444444444445
8,0.0006944444444444445
8,0.025
7,0.0
3,22.333333333333332
4,20.64375
5,24.095833333333335
6,-42.08680555555556
4,20.95486111111111
3,-4.360416666666667
5,111.69791666666667
9,-2.0395833333333333
6,-118.0826388888889
3,21.559722222222224
17,50.44166666666667
1,0.0
17,0.020833333333333332
5,7.229166666666667
4,-6.084027777777778
17,7.7652777777777775
17,0.12152777777777778
17,25.041666666666668
17,0.05277777777777778
17,12.833333333333334
17,0.0375
17,86.21736111111112
17,0.7645833333333333
1,0.3784722222222222
3,2.620833333333333
6,3.3854166666666665
4,14.022222222222222
6,2.8930555555555557
3,1.60625
5,97.04166666666667
4,-91.67986111111111
1,0.4
3,0.5993055555555555
5,29.460416666666667
6,-22.928472222222222
9,0.5701388888888889
4,-1.711111111111111
1,0.5597222222222222
6,14.98125
3,0.4583333333333333
6,0.30486111111111114
6,0.001388888888888889
6,0.001388888888888889
6,0.001388888888888889
6,0.001388888888888889
6,0.001388888888888889
6,0.0
6,0.001388888888888889
6,0.0
6,0.001388888888888889
6,0.001388888888888889
6,0.002777777777777778
6,0.0020833333333333333
6,0.001388888888888889
6,0.0006944444444444445
6,0.001388888888888889
6,0.001388888888888889
6,0.0
6,0.001388888888888889
6,0.0
8,0.005555555555555556
13,0.0
6,0.05416666666666667
5,35.34027777777778
4,-31.055555555555557
1,0.31527777777777777
3,2.6840277777777777
6,0.7298611111111111
5,61.94513888888889
9,-14.581944444444444
4,-19.594444444444445
1,2.6659722222222224
17,0.8923611111111112
6,49.988194444444446
1,0.44027777777777777
2,0.08055555555555556
6,4.793055555555555
3,0.6854166666666667
5,78.6986111111111
9,-29.209722222222222
4,-0.8555555555555555
6,7.901388888888889
3,0.5138888888888888
4,25.403472222222224
1,4.4222222222222225
6,8.286111111111111
1,1.3847222222222222
6,7.0784722222222225
1,0.4361111111111111
2,0.024305555555555556
6,8.024305555555555
3,3.5145833333333334
4,1.6416666666666666
1,1.6576388888888889
7,0.8472222222222222
3,19.53611111111111
6,4.55
4,34.989583333333336
9,27.872222222222224
4,37.99166666666667
3,-28.489583333333332
6,-1.4305555555555556
5,58.08680555555556
1,0.37222222222222223
4,38.07013888888889
3,-2.401388888888889
6,-0.2423611111111111
5,6.620833333333334
1,0.5930555555555556
6,30.867361111111112
1,0.4875
6,58.170138888888886
1,1.4229166666666666
6,6.105555555555555
1,0.4388888888888889
4,21.104166666666668
3,-2.502083333333333
6,-0.3909722222222222
1,3.390277777777778
3,9.609027777777778
6,3.4722222222222223
5,80.56944444444444
4,-64.51180555555555
17,0.40902777777777777
19,1.5986111111111112
17,3.0819444444444444
1,2.870138888888889
19,3.0208333333333335
17,1.2756944444444445
8,51.15416666666667
4,42.920138888888886
3,-27.613194444444446
6,-14.944444444444445
6,14.015277777777778
3,2.571527777777778
4,39.572916666666664
5,25.427083333333332
1,0.4930555555555556
2,0.1125
3,11.39375
6,0.3236111111111111
5,71.39583333333333
4,-47.96527777777778
7,0.05
6,7.215277777777778
3,0.19444444444444445
5,55.72083333333333
4,-28.114583333333332
1,0.44027777777777777
2,0.08055555555555556
4,54.111805555555556
3,-48.63333333333333
5,78.6986111111111
9,-29.209722222222222
6,-50.174305555555556
1,0.3159722222222222
6,1.413888888888889
3,1.2694444444444444
5,20.574305555555554
4,-20.09722222222222
1,0.42777777777777776
2,0.011805555555555555
3,1.5597222222222222
6,2.532638888888889
5,80.16458333333334
4,-76.99652777777777
1,0.4486111111111111
6,14.377083333333333
1,0.4222222222222222
8,7.010416666666667
3,4.566666666666666
4,34.609722222222224
6,-32.05972222222222
1,0.3798611111111111
3,1.6194444444444445
4,15.804166666666667
6,-14.477777777777778
5,41.393055555555556
1,0.42430555555555555
2,0.07847222222222222
3,6.496527777777778
6,0.32708333333333334
5,92.38958333333333
9,-13.081944444444444
4,-79.05069444444445
40,0.3541666666666667
1,0.0
3,7.645138888888889
6,0.43125
4,7.311805555555556
1,0.30833333333333335
3,1.6909722222222223
6,3.31875
4,36.27638888888889
9,28.888194444444444
5,1.2083333333333333
1,0.7111111111111111
8,59.00069444444444
7,0.9027777777777778
6,4.899305555555555
1,0.41388888888888886
3,33.58541666666667
8,0.6006944444444444
4,6.186805555555556
6,-6.186111111111111
5,79.09583333333333
1,0.5118055555555555
17,0.12291666666666666
2,0.013194444444444444
6,11.91875
1,0.40694444444444444
8,0.14652777777777778
3,0.44583333333333336
4,35.56805555555555
6,-35.09097222222222
1,1.4069444444444446
16,7.014583333333333
3,13.567361111111111
4,7.422916666666667
6,-4.872916666666667
5,27.10625
4,17.822222222222223
3,-9.360416666666667
5,49.65555555555556
6,-49.97013888888889
1,0.35138888888888886
3,0.6479166666666667
6,6.4118055555555555
5,44.30694444444445
4,-30.049305555555556
1,0.3763888888888889
4,22.016666666666666
3,-3.3520833333333333
5,30.677083333333332
6,-30.391666666666666
6,0.0006944444444444445
6,0.006944444444444444
6,0.001388888888888889
6,0.001388888888888889
6,0.0006944444444444445
6,0.001388888888888889
6,0.0006944444444444445
6,0.0006944444444444445
6,0.0006944444444444445
6,0.0006944444444444445
6,0.001388888888888889
6,0.0006944444444444445
6,0.0006944444444444445
6,0.0006944444444444445
6,0.0006944444444444445
6,0.0006944444444444445
6,0.0006944444444444445
6,0.0006944444444444445
6,0.0006944444444444445
6,0.0006944444444444445
6,0.0006944444444444445
6,0.0006944444444444445
6,0.0006944444444444445
6,0.0006944444444444445
6,0.0006944444444444445
6,0.001388888888888889
6,0.0
6,0.0006944444444444445
6,0.0006944444444444445
6,0.0006944444444444445
6,-0.6305555555555555
6,0.6
40,2.6166666666666667
1,0.00625
6,20.96527777777778
1,0.925
7,3.7666666666666666
16,0.75
1,0.6041666666666666
3,10.436805555555555
6,9.552777777777777
5,53.44722222222222
4,-35.44375
1,0.5854166666666667
7,3.886111111111111
3,8.527777777777779
6,0.4083333333333333
4,9.304166666666667
5,75.98333333333333
6,26.965972222222224
3,12.581944444444444
5,30.677083333333332
4,-22.393055555555556
17,0.02013888888888889
17,0.027777777777777776
17,37.87638888888889
17,9.815972222222221
17,25.277083333333334
17,3.75
17,28.952083333333334
17,0.07847222222222222
17,29.915972222222223
17,0.010416666666666666
3,59.675
17,0.3597222222222222
1,0.0
17,0.05277777777777778
4,1.2402777777777778
17,61.80555555555556
17,0.005555555555555556
1,0.4444444444444444
6,6.898611111111111
1,0.41597222222222224
6,32.140972222222224
4,2.001388888888889
3,-0.4888888888888889
6,-0.6597222222222222
5,27.327083333333334
1,0.43125
3,1.5680555555555555
4,30.64097222222222
6,-26.270138888888887
4,28.95347222222222
3,-20.514583333333334
6,-0.4215277777777778
5,50.113194444444446
3,1.2604166666666667
6,0.2743055555555556
4,12.290972222222223
5,28.93611111111111
1,0.40208333333333335
2,1.0368055555555555
4,19.257638888888888
3,-8.697222222222223
6,-0.49166666666666664
1,0.7472222222222222
6,37.77638888888889
6,0.275
6,0.7881944444444444
6,0.9090277777777778
20,0.06458333333333334
11,1.5118055555555556
12,4.392361111111111
1,1.33125
4,7.179166666666666
3,-4.511111111111111
6,-1.2659722222222223
5,23.725694444444443
4,57.22569444444444
5,31.25347222222222
3,-66.0
6,-1.35
6,0.8472222222222222
3,12.486805555555556
4,14.609722222222222
6,-14.149305555555555
1,0.42083333333333334
6,9.065277777777778
1,0.3229166666666667
6,2.0340277777777778
1,0.36736111111111114
3,4.631944444444445
6,0.6104166666666667
4,22.87638888888889
6,3.952777777777778
9,0.6590277777777778
5,3.2805555555555554
1,0.4375
16,0.16944444444444445
1,0.4111111111111111
2,3.1444444444444444
3,13.44375
6,4.36875
4,21.164583333333333
1,0.34791666666666665
4,45.29236111111111
3,-43.640972222222224
6,-0.2604166666666667
5,44.68333333333333
1,0.42083333333333334
2,0.1798611111111111
3,5.398611111111111
6,0.40347222222222223
4,1.1555555555555554
6,23.802777777777777
1,0.3993055555555556
3,12.6
6,8.411805555555556
4,-6.820833333333334
9,7.497916666666667
1,0.2013888888888889
2,0.26180555555555557
4,10.948611111111111
3,-0.4125
5,102.04166666666667
6,-107.68611111111112
4,33.16736111111111
3,-18.616666666666667
6,2.5347222222222223
6,-4.513888888888889
5,57.40208333333333
1,0.4222222222222222
3,25.61875
4,55.62916666666667
13,-49.97569444444444
6,-4.201388888888889
1,0.4722222222222222
2,0.03125
4,35.15277777777778
3,-33.65694444444444
5,77.71666666666667
9,-13.081944444444444
6,-65.01458333333333
2,1.6805555555555556
3,13.636805555555556
4,1.4958333333333333
6,-1.0708333333333333
1,0.5506944444444445
3,11.448611111111111
4,1.636111111111111
6,-0.14652777777777778
6,14.807638888888889
3,0.5368055555555555
4,1.6840277777777777
4,18.054861111111112
3,-12.615972222222222
5,50.420833333333334
9,-2.8375
6,-48.02569444444445
6,0.22083333333333333
1,4.35625
3,1.6430555555555555
4,8.64236111111111
5,34.03263888888889
9,-17.26527777777778
6,-20.085416666666667
1,0.34652777777777777
3,0.6527777777777778
4,21.52638888888889
5,27.127777777777776
6,-47.925
1,0.48819444444444443
3,8.511111111111111
6,3.392361111111111
4,3.26875
5,13.016666666666667
3,9.603472222222223
4,12.38888888888889
6,-11.926388888888889
5,42.5375
3,10.478472222222223
4,8.530555555555555
6,-8.010416666666666
1,0.4652777777777778
3,26.575694444444444
4,9.615277777777777
5,48.040277777777774
9,-20.21388888888889
6,-36.93263888888889
1,0.32916666666666666
3,2.670138888888889
6,3.45625
4,2.265972222222222
17,0.3763888888888889
3,53.107638888888886
8,0.7166666666666667
4,9.8875
6,-9.118055555555555
1,0.6888888888888889
1,0.44930555555555557
3,12.55
4,27.507638888888888
6,-27.096527777777776
9,28.002777777777776
5,17.006944444444443
1,0.32569444444444445
3,0.6736111111111112
4,16.600694444444443
6,-13.295833333333333
5,37.43541666666667
1,0.3236111111111111
3,2.6756944444444444
4,27.584027777777777
3,-14.542361111111111
11,0.0
5,35.37847222222222
12,-14.758333333333333
9,0.46875
4,4.340972222222222
6,-35.172916666666666
5,45.12152777777778
1,0.2013888888888889
2,0.19722222222222222
3,23.600694444444443
6,0.3263888888888889
4,3.3569444444444443
9,70.95138888888889
5,13.081944444444444
6,20.927777777777777
6,8.041666666666666
3,0.5236111111111111
5,49.72708333333333
4,-24.0625
1,0.33194444444444443
3,0.6673611111111111
6,0.7305555555555555
5,64.69097222222223
4,-23.708333333333332
3,5.611111111111111
5,56.74027777777778
4,-51.321527777777774
9,2.115972222222222
6,-0.9993055555555556
1,0.8618055555555556
3,8.1375
6,10.684722222222222
4,40.765972222222224
9,2.3048611111111112
4,18.96875
3,-7.493055555555555
6,-4.131944444444445
1,0.4236111111111111
2,0.027777777777777776
4,22.051388888888887
3,-13.503472222222221
6,-0.42916666666666664
9,48.90486111111111
1,1.479861111111111
6,5.959722222222222
1,0.4548611111111111
6,0.9381944444444444
3,2.60625
4,69.58611111111111
9,0.0006944444444444445
5,0.13541666666666666
1,0.7854166666666667
6,19.679166666666667
1,0.30833333333333335
3,1.6909722222222223
4,39.59513888888889
5,30.096527777777776
9,-1.2083333333333333
6,-65.16458333333334
3,13.582638888888889
6,0.6479166666666667
4,35.790277777777774
9,3.91875
1,0.6215277777777778
8,3.942361111111111
6,52.920833333333334
6,6.860416666666667
1,0.4666666666666667
6,26.949305555555554
3,20.552777777777777
5,42.65416666666667
4,-42.084722222222226
9,6.530555555555556
6,-0.6131944444444445
1,7.465277777777778
4,72.21041666666666
3,-58.63472222222222
6,-0.6305555555555555
1,0.6048611111111111
4,18.868055555555557
3,-2.473611111111111
11,0.0
6,-1.2118055555555556
12,12.629166666666666
5,0.001388888888888889
4,0.00625
1,0.4388888888888889
6,18.211111111111112
3,0.3909722222222222
4,2.502083333333333
1,38.75277777777778
8,59.00069444444444
7,0.9027777777777778
6,4.899305555555555
1,0.37430555555555556
6,2.36875
3,0.25625
4,33.47222222222222
15,0.0
15,0.0
15,0.0
15,0.0
15,0.0
6,0.0
15,0.0006944444444444445
15,0.0
15,0.0
15,0.0
15,0.0
15,0.0
15,0.0
6,0.0
15,0.0006944444444444445
15,0.0
15,0.0
15,0.0
15,0.0
15,0.0
15,0.0
15,0.0
6,0.0
6,0.0
15,0.9979166666666667
15,0.0
15,0.0
15,0.0
15,0.0
15,0.0
15,0.0
15,0.0
15,0.0
6,0.0
1,0.3138888888888889
3,1.6854166666666666
6,1.3854166666666667
13,0.1951388888888889
4,17.906944444444445
11,0.5125
24,7.293055555555555
9,0.25
5,1.1340277777777779
5,36.322916666666664
6,9.227083333333333
3,0.34930555555555554
4,38.58611111111111
1,0.3659722222222222
3,0.6333333333333333
4,26.670833333333334
6,-21.279166666666665
5,49.3
1,0.37916666666666665
3,3.620138888888889
6,2.3916666666666666
4,28.161805555555556
3,3.560416666666667
6,10.543055555555556
4,7.040277777777778
3,9.440972222222221
4,40.52569444444445
5,38.515972222222224
9,-29.444444444444443
6,-45.225
1,0.4
3,7.5993055555555555
4,34.68958333333333
6,-31.316666666666666
9,94.07847222222222
5,17.26527777777778
1,0.5694444444444444
3,16.429861111111112
6,7.590277777777778
5,71.45138888888889
4,-36.39513888888889
3,10.44513888888889
6,3.3722222222222222
4,87.30555555555556
17,0.8798611111111111
6,49.99791666666667
1,0.5631944444444444
3,4.436111111111111
4,0.39652777777777776
6,-0.020833333333333332
5,37.34305555555556
3,1.554861111111111
4,2.6145833333333335
6,0.7895833333333333
9,0.3402777777777778
5,15.830555555555556
3,3.5652777777777778
6,0.6784722222222223
4,18.97222222222222
5,30.349305555555556
1,0.37083333333333335
6,4.9847222222222225
3,-3.35625
4,-0.20277777777777778
9,4.300694444444445
1,2.497916666666667
3,14.501388888888888
4,22.50625
6,-22.10763888888889
5,86.64305555555555
1,0.5409722222222222
6,9.829166666666667
6,6.176388888888889
3,4.2659722222222225
4,0.6263888888888889
1,3.607638888888889
3,7.433333333333334
6,4.472916666666666
4,8.974305555555556
1,0.37916666666666665
3,6.6618055555555555
6,1.4020833333333333
4,40.105555555555554
5,25.492361111111112
1,0.6083333333333333
3,13.432638888888889
4,0.6583333333333333
6,3.667361111111111
1,0.4375
3,23.561805555555555
6,5.686111111111111
4,28.879166666666666
1,0.6354166666666666
3,44.40555555555556
4,41.57083333333333
6,-40.02569444444445
1,0.45
8,14.349305555555556
3,4.2
4,16.680555555555557
6,-15.324305555555556
6,7.345833333333333
3,7.180555555555555
4,11.660416666666666
5,36.7625
1,0.5715277777777777
8,9.840972222222222
3,30.586805555555557
4,53.519444444444446
8,-49.03333333333333
5,73.21041666666666
9,-20.213194444444444
6,-55.96111111111111
1,0.65
8,0.0
8,5.940972222222222
6,0.030555555555555555
3,0.37777777777777777
5,63.65416666666667
4,-8.035416666666666
1,0.3194444444444444
3,0.6798611111111111
6,3.4131944444444446
4,29.15486111111111
9,4.84375
5,3.245138888888889
1,0.5180555555555556
4,15.961805555555555
3,-2.4805555555555556
6,-0.45208333333333334
2,0.014583333333333334
1,0.7201388888888889
3,12.279166666666667
6,1.8722222222222222
4,0.50625
9,22.372222222222224
5,47.96875
1,0.2902777777777778
3,1.7090277777777778
6,0.7319444444444444
5,56.268055555555556
4,-31.245833333333334
3,26.605555555555554
4,36.543055555555554
11,-28.543055555555554
8,0.3333333333333333
6,-6.120138888888889
9,40.26875
12,5.990277777777778
5,3.1659722222222224
1,0.6319444444444444
6,28.885416666666668
6,0.003472222222222222
15,0.0
15,0.0
15,0.0
15,0.0
15,0.0006944444444444445
15,0.0
6,0.0
15,0.9986111111111111
15,0.0
15,0.0006944444444444445
15,0.0
15,0.0
15,0.0
15,0.0
15,0.0
15,0.0
15,0.0
15,0.0
15,0.0
15,0.0
15,0.0
15,0.0
15,0.0
15,0.0
15,0.0
15,0.0
15,0.0
15,0.0
15,0.0
15,0.0
15,0.0
6,0.0
6,7.371527777777778
3,0.3
5,43.65694444444444
4,-42.06527777777778
6,43.142361111111114
6,3.9993055555555554
1,1.3701388888888888
6,3.3965277777777776
3,0.2326388888888889
4,20.663194444444443
1,0.4375
3,7.561805555555556
5,28.447916666666668
4,-26.936805555555555
9,5.5777777777777775
6,-0.49444444444444446
1,0.33541666666666664
4,13.35763888888889
3,-2.69375
5,61.71875
6,-66.26944444444445
1,0.63125
3,9.368055555555555
6,3.7055555555555557
4,1.7166666666666666
1,0.33125
6,1.4006944444444445
3,1.2673611111111112
4,0.45
9,0.6388888888888888
5,48.56805555555555
2,0.0
6,1.2868055555555555
3,0.35694444444444445
4,1.5756944444444445
3,9.634722222222223
4,27.60763888888889
5,42.048611111111114
6,-66.32847222222222
4,31.004166666666666
3,-15.600694444444445
6,-2.236111111111111
1,0.6458333333333334
16,6.054166666666666
1,0.37777777777777777
3,1.6215277777777777
6,0.7361111111111112
5,54.983333333333334
4,-21.102777777777778
1,0.5597222222222222
2,1.1194444444444445
8,7.644444444444445
6,0.0006944444444444445
1,14.504861111111111
17,0.08263888888888889
5,22.1625
4,-22.002777777777776
7,0.024305555555555556
4,32.77430555555556
3,-11.480555555555556
6,-0.4465277777777778
1,0.4861111111111111
3,26.513194444444444
4,5.588888888888889
6,-4.042361111111111
5,76.15069444444444
1,1.3701388888888888
4,1.4006944444444445
3,0.22847222222222222
6,0.7270833333333333
9,0.3659722222222222
6,13.018055555555556
1,0.32013888888888886
3,4.679166666666666
4,14.389583333333333
6,-8.614583333333334
5,16.916666666666668
1,0.5708333333333333
8,0.7611111111111111
8,13.147916666666667
4,3.251388888888889
3,-2.7319444444444443
6,-0.34930555555555554
5,66.76875
1,0.38958333333333334
8,54.06111111111111
6,1.3305555555555555
3,9.259722222222223
7,3.44375
4,30.009027777777778
1,0.425
4,77.53958333333334
6,-77.53958333333334
6,0.0
6,0.0
6,0.0
15,0.0
15,0.0
15,0.0
15,0.0
15,0.0
20,0.7090277777777778
3,6.352083333333334
6,-7.061111111111111
5,77.71805555555555
3,10.560416666666667
4,3.702777777777778
5,79.99513888888889
6,-80.18402777777777
1,0.46875
3,45.57222222222222
4,30.49513888888889
6,-29.846527777777776
1,0.3625
7,8.278472222222222
6,6.667361111111111
1,0.3861111111111111
3,5.613194444444445
4,6.643055555555556
6,-6.259722222222222
5,43.03680555555555
1,0.35694444444444445
5,45.642361111111114
3,-44.0
4,-0.21736111111111112
9,1.7291666666666667
6,-0.20347222222222222
4,64.22152777777778
3,-40.64375
6,-23.539583333333333
1,0.35347222222222224
5,52.105555555555554
3,-50.459722222222226
4,-0.26875
9,27.725
6,-26.014583333333334
16,0.009722222222222222
3,15.913194444444445
6,3.446527777777778
4,2.1458333333333335
1,0.19236111111111112
2,0.2263888888888889
6,3.9680555555555554
3,0.6125
4,3.551388888888889
1,27.60972222222222
17,0.01597222222222222
4,1.8083333333333333
6,7.263888888888889
3,3.2569444444444446
4,13.364583333333334
1,0.38263888888888886
6,4.946527777777778
11,-3.329861111111111
3,0.0
4,-0.20069444444444445
12,95.86597222222223
4,0.005555555555555556
9,0.00625
5,0.013194444444444444
5,1.0055555555555555
1,0.6805555555555556
3,14.31875
6,2.3979166666666667
4,14.155555555555555
9,14.050694444444444
7,0.28958333333333336
3,1.320138888888889
6,0.7354166666666667
5,50.72569444444444
4,-29.09236111111111
1,0.3472222222222222
4,3.359722222222222
3,0.2923611111111111
6,5.315972222222222
9,0.7826388888888889
1,0.7395833333333334
3,17.259722222222223
4,26.663888888888888
5,57.37777777777778
9,-51.52569444444445
6,-26.8375
1,0.3951388888888889
3,20.604166666666668
6,2.372916666666667
4,-1.8854166666666667
9,2.602777777777778
1,0.7131944444444445
2,4.042361111111111
6,9.770138888888889
3,0.5152777777777777
4,35.59027777777778
6,40.02361111111111
1,0.44583333333333336
6,20.03263888888889
3,1.3645833333333333
4,8.644444444444444
5,31.856944444444444
6,-34.65069444444445
6,17.064583333333335
3,0.3972222222222222
4,2.4784722222222224
15,0.0
15,0.0
15,0.0
15,0.0
15,0.0
15,0.0
15,0.0
15,0.0
15,0.0
6,0.0
15,0.009722222222222222
15,0.0
15,0.0
15,0.0
15,0.0
6,0.0
6,0.0
6,0.0
6,0.0
6,0.0
20,0.016666666666666666
20,0.003472222222222222
20,0.0
20,0.0
20,0.0006944444444444445
20,0.0
15,0.006944444444444444
15,0.0
15,0.0
15,0.0
15,0.0
15,0.0
15,0.0
6,0.0
1,0.38055555555555554
3,1.61875
4,31.5125
6,-30.785416666666666
5,63.27291666666667
1,0.33055555555555555
3,3.66875
6,3.3604166666666666
5,45.330555555555556
9,-23.59375
4,-4.90625
4,12.052083333333334
3,-7.420833333333333
5,58.72013888888889
6,-59.15972222222222
1,1.4
3,2.5993055555555555
4,13.638194444444444
5,7.936805555555556
6,-19.840972222222224
1,0.43333333333333335
2,0.02638888888888889
3,1.5395833333333333
4,40.62569444444444
6,-39.147222222222226
1,0.32013888888888886
6,2.411111111111111
3,0.26805555555555555
4,20.57638888888889
1,0.48194444444444445
6,3.0145833333333334
2,3.2111111111111112
4,27.863194444444446
3,-3.579861111111111
6,-0.4131944444444444
1,0.3138888888888889
3,0.6854166666666667
6,0.7472222222222222
5,14.630555555555556
4,-10.92361111111111
2,0.0
4,37.89930555555556
3,-10.588888888888889
6,-20.420833333333334
1,2.609027777777778
3,6.3902777777777775
8,0.47638888888888886
4,41.147222222222226
6,-41.09861111111111
5,87.51666666666667
1,1.1958333333333333
2,3.2847222222222223
4,16.145138888888887
3,-6.626388888888889
6,-0.6430555555555556
6,4.209722222222222
3,1.461111111111111
5,28.678472222222222
4,-22.329166666666666
1,0.5854166666666667
3,36.455555555555556
4,42.62222222222222
6,-42.397222222222226
1,3.372916666666667
2,0.09027777777777778
4,4.20625
3,-0.6701388888888888
6,-0.4965277777777778
17,12.79375
17,0.09722222222222222
17,46.875
17,0.03194444444444444
17,23.949305555555554
1,0.0
17,0.029166666666666667
3,2.598611111111111
4,1.525
5,2.14375
17,21.794444444444444
17,0.03263888888888889
17,35.15
17,0.034722222222222224
17,41.00555555555555
17,2.0805555555555557
1,0.6680555555555555
6,20.80902777777778
1,0.4548611111111111
3,14.544444444444444
4,4.4430555555555555
6,-1.992361111111111
4,2.222916666666667
6,1.7131944444444445
9,0.125
1,0.41041666666666665
2,0.029166666666666667
6,21.224305555555556
3,5.335416666666666
4,7.605555555555555
1,0.6763888888888889
6,6.820138888888889
3,2.5027777777777778
5,57.0
4,-31.322222222222223
1,0.5888888888888889
6,7.9631944444444445
3,2.4472222222222224
5,70.04166666666667
4,-67.52638888888889
1,0.35625
3,0.6430555555555556
4,2.566666666666667
6,1.16875
9,0.3625
5,22.55625
1,0.4305555555555556
6,8.015277777777778
1,0.33055555555555555
3,1.66875
4,45.44861111111111
5,10.208333333333334
6,-55.23125
1,0.7243055555555555
6,27.972916666666666
19,4.7243055555555555
17,0.004861111111111111
1,1.573611111111111
6,28.027083333333334
6,21.016666666666666
3,5.541666666666667
4,1.7479166666666666
6,49.86388888888889
1,0.6361111111111111
6,17.956944444444446
3,0.4479166666666667
4,0.3784722222222222
9,28.957638888888887
1,0.19236111111111112
2,1.46875
3,0.33819444444444446
4,81.74861111111112
6,-79.32152777777777
1,0.5291666666666667
3,8.275
6,2.3513888888888888
4,24.30902777777778
6,14.055555555555555
1,0.45625
2,0.09930555555555555
6,36.13055555555555
1,0.43819444444444444
2,0.022222222222222223
3,3.5388888888888888
6,0.31527777777777777
5,96.33819444444444
4,-0.09166666666666666
1,0.61875
2,0.09652777777777778
3,15.284027777777778
4,39.66180555555555
5,46.37986111111111
6,-85.7298611111111
1,0.34930555555555554
2,2.8125
4,13.965972222222222
3,-4.446527777777778
6,-0.24305555555555555
4,34.13194444444444
3,-12.621527777777779
6,-3.576388888888889
1,0.31527777777777777
3,0.6840277777777778
6,3.392361111111111
4,6.170138888888889
5,10.815277777777778
1,0.4388888888888889
1,0.6472222222222223
3,28.352083333333333
4,40.66388888888889
5,35.03333333333333
6,-72.28958333333334
1,0.32222222222222224
7,0.1798611111111111
3,0.49722222222222223
4,25.59722222222222
6,-21.293055555555554
5,51.43472222222222
16,0.0006944444444444445
1,0.5486111111111112
4,19.09513888888889
3,-3.6444444444444444
6,-0.4340277777777778
1,0.5569444444444445
8,1.8993055555555556
3,7.543055555555555
4,46.75694444444444
5,32.28472222222222
9,-29.444444444444443
6,-49.24583333333333
15,0.0
15,0.0
15,0.0
15,0.0
15,0.0
15,0.0
15,0.0
15,0.0
15,0.0
15,0.0
15,0.0006944444444444445
15,0.0
15,0.0
15,0.0
15,0.0
15,0.0
15,0.0
15,0.0
15,0.0
15,0.0
15,0.0
15,0.0
15,0.0
15,0.0
15,0.0
15,0.0
15,0.0
6,0.0
15,0.001388888888888889
15,0.0
15,0.0
15,0.0
15,0.0
15,0.0
15,0.0
15,0.0
15,0.0
15,0.0
15,0.0
15,0.0
15,0.0
15,0.0
15,0.0
15,0.0
15,0.0
15,0.0
15,0.0
15,0.0
15,0.0
15,0.0
15,0.0
6,0.0
15,0.001388888888888889
15,0.0
15,0.0
15,0.0
15,0.0
15,0.0
15,0.0
15,0.0
15,0.0
15,0.0
15,0.0
15,0.0
15,0.0
15,0.0
15,0.0
15,0.0006944444444444445
15,0.0
15,0.0
15,0.0
15,0.0
15,0.0
15,0.0
15,0.0
15,0.0
15,0.0
15,0.0
15,0.0
6,0.0
15,0.0020833333333333333
15,0.0
15,0.0
15,0.0
15,0.0
15,0.0
15,0.0
15,0.0
15,0.0
15,0.0
15,0.0
15,0.0
15,0.0
15,0.0
15,0.0
15,0.0
15,0.0
15,0.0
15,0.0
15,0.0
15,0.0
15,0.0
6,0.0
15,0.0020833333333333333
15,0.0
15,0.0
15,0.0
15,0.0
15,0.0
15,0.0
15,0.0
15,0.0
15,0.0
15,0.0
15,0.0
15,0.0
15,0.0
15,0.0
15,0.0
15,0.0
15,0.0
15,0.0
6,0.0
15,0.0020833333333333333
15,0.0
15,0.0
15,0.0
15,0.0
15,0.0
15,0.0
15,0.0
15,0.0
15,0.0
15,0.0
15,0.0
15,0.0
15,0.0
15,0.0
15,0.0
15,0.0
15,0.0
6,0.0
15,0.002777777777777778
15,0.0
15,0.0
15,0.0
15,0.0
15,0.0
15,0.0
15,0.0
15,0.0
15,0.0
15,0.0
15,0.0
15,0.0
15,0.0
15,0.0
15,0.0
15,0.0
15,0.0
15,0.0
15,0.0
15,0.0
15,0.0
15,0.0
15,0.0
15,0.0
15,0.0
15,0.0
6,0.0
15,0.004166666666666667
15,0.0
15,0.0
15,0.0
15,0.0
15,0.0
15,0.0
15,0.0
15,0.0
15,0.0
15,0.0
15,0.0
15,0.0
6,0.0
15,0.002777777777777778
15,0.0
15,0.0
15,0.0
15,0.0
15,0.0
15,0.0
15,0.0
15,0.0
15,0.0
15,0.0
15,0.0
6,0.0
1,0.7194444444444444
8,9.913194444444445
3,41.40833333333333
4,28.606944444444444
6,-28.052083333333332
1,0.45625
6,9.071527777777778
2,0.024305555555555556
3,2.4319444444444445
4,27.53263888888889
6,-27.127777777777776
5,76.31458333333333
1,0.17569444444444443
2,0.26666666666666666
3,3.5569444444444445
4,57.74027777777778
6,-57.22569444444444
3,8.291666666666666
4,1.5715277777777779
6,-1.1298611111111112
9,6.0055555555555555
3,17.584027777777777
6,3.64375
4,0.04097222222222222
9,1.7715277777777778
5,36.28333333333333
1,0.5520833333333334
3,13.447222222222223
6,1.4416666666666667
4,14.778472222222222
5,28.43611111111111
1,0.4375
2,0.043055555555555555
6,8.111805555555556
3,0.40694444444444444
5,78.71944444444445
9,-63.238194444444446
4,-13.99375
1,3.321527777777778
6,8.04861111111111
3,23.670833333333334
5,64.0
4,-36.37569444444444
6,8.17013888888889
3,8.424305555555556
5,111.69791666666667
9,-2.0395833333333333
4,-105.29791666666667
1,0.5777777777777777
3,14.421527777777778
4,6.605555555555555
6,-3.1375
1,12.484722222222222
4,20.188194444444445
5,38.74791666666667
6,-58.83611111111111
1,0.6798611111111111
6,21.983333333333334
3,0.33611111111111114
5,65.42291666666667
4,-59.80486111111111
4,19.945833333333333
3,-4.571527777777778
6,-0.42986111111111114
2,0.0
4,31.33125
3,-1.6354166666666667
6,-28.549305555555556
4,14.961805555555555
3,-6.678472222222222
6,-0.34444444444444444
5,55.019444444444446
1,0.3215277777777778
2,0.06527777777777778
6,3.9868055555555557
1,0.3236111111111111
3,6.717361111111111
3,2.0
11,0.0
4,24.322916666666668
6,-24.010416666666668
12,27.865972222222222
9,0.9159722222222222
5,6.284027777777778
4,19.970833333333335
5,7.325
3,15.913194444444445
6,3.446527777777778
4,2.1458333333333335
1,0.6069444444444444
6,9.878472222222221
6,13.252777777777778
6,26.004166666666666
1,0.6736111111111112
3,5.325694444444444
6,0.48194444444444445
4,22.205555555555556
5,72.35416666666667
6,0.0
15,0.0
1,10.40625
6,1.0840277777777778
5,43.229166666666664
4,-27.06597222222222
6,0.0
6,0.0
6,0.0
6,0.0
6,0.0
6,0.0
6,0.0
15,0.0
15,0.0
15,0.0
15,0.0
15,0.0
15,0.0
15,0.0
6,0.0006944444444444445
6,0.0
6,0.0
6,0.0
6,0.0
6,0.0
6,0.0
6,0.0
15,0.0
15,0.0
15,0.0
15,0.0
15,0.0
15,0.0
15,0.0
15,0.0
15,0.0
6,0.0006944444444444445
6,0.0
6,0.0
6,0.0
15,0.0
15,0.0
15,0.0
15,0.0
15,0.0
6,0.0006944444444444445
6,0.0
6,0.0
6,0.0
6,0.0
6,0.0
6,0.0
6,0.0
15,0.0
15,0.0
15,0.0
15,0.0
15,0.0
15,0.0
15,0.0
15,0.0
6,0.0006944444444444445
6,0.0
6,0.0
6,0.0
6,0.0
15,0.0
15,0.0
15,0.0
15,0.0
15,0.0
15,0.0
6,0.0006944444444444445
6,0.0
6,0.0
6,0.0
6,0.0
6,0.0
6,0.0
15,0.0
15,0.0
15,0.0
15,0.0
15,0.0
15,0.0
15,0.0
6,0.0006944444444444445
6,0.0
6,0.0
6,0.0
6,0.0
6,0.0
6,0.0
15,0.0
15,0.0
15,0.0
15,0.0
15,0.0
15,0.0
15,0.0
6,0.0006944444444444445
15,0.0
1,0.46875
6,19.125
3,0.44722222222222224
4,0.4048611111111111
9,28.93125
1,0.35208333333333336
3,0.6472222222222223
6,0.5069444444444444
4,27.01388888888889
5,50.197916666666664
1,0.40069444444444446
8,49.93472222222222
1,0.7270833333333333
8,6.733333333333333
6,22.45347222222222
1,10.425694444444444
6,1.0333333333333334
5,22.977083333333333
4,-7.797916666666667
6,33.958333333333336
3,1.6333333333333333
4,57.522222222222226
9,2.8625
1,0.3680555555555556
4,3.4229166666666666
3,0.20833333333333334
6,0.7270833333333333
9,0.35
8,4.945833333333334
16,0.006944444444444444
2,0.8395833333333333
3,12.636805555555556
4,2.4631944444444445
6,-1.9770833333333333
1,0.31805555555555554
4,34.360416666666666
3,-21.679166666666667
6,-6.26875
5,55.925694444444446
1,0.37083333333333335
3,1.6284722222222223
6,0.7305555555555555
4,26.684722222222224
3,6.526388888888889
6,7.377083333333333
4,8.128472222222221
5,13.171527777777778
6,0.11527777777777778
15,0.0
3,1.5173611111111112
3,4.0
4,23.581944444444446
4,4.0375
9,0.04861111111111111
9,1.4270833333333333
5,0.5173611111111112
16,3.827777777777778
6,7.949305555555555
1,8.504166666666666
6,1.9340277777777777
4,52.22083333333333
5,2.9972222222222222
1,0.1840277777777778
2,0.3111111111111111
4,11.136111111111111
3,-5.631944444444445
6,-0.6006944444444444
4,38.84097222222222
3,-24.565277777777776
6,-0.41944444444444445
1,0.375
4,1.4118055555555555
3,0.2125
6,0.725
9,0.36875
1,14.647222222222222
17,0.005555555555555556
4,1.8409722222222222
1,0.4215277777777778
3,15.577777777777778
6,5.409722222222222
4,2.095833333333333
3,39.38055555555555
4,6.696527777777778
6,-4.092361111111111
9,6.699305555555555
1,1.398611111111111
3,12.64236111111111
4,27.249305555555555
5,38.75069444444444
6,-64.65416666666667
1,0.44930555555555557
2,0.011111111111111112
3,4.580555555555556
6,0.3
4,6.344444444444444
5,66.0111111111111
1,0.3902777777777778
3,1.6090277777777777
4,28.583333333333332
6,-27.851388888888888
5,56.925
1,0.47708333333333336
3,13.522222222222222
4,2.3291666666666666
6,0.25555555555555554
9,0.5118055555555555
1,0.42083333333333334
2,0.1798611111111111
3,5.398611111111111
4,1.5597222222222222
6,-1.1569444444444446
3,2.5409722222222224
6,3.3965277777777776
4,91.23125
5,10.088888888888889
1,5.429861111111111
17,0.017361111111111112
4,1.0166666666666666
5,1.0993055555555555
17,57.076388888888886
17,0.12013888888888889
17,18.645138888888887
17,0.049305555555555554
1,0.4284722222222222
3,15.570833333333333
4,20.754166666666666
6,-17.346527777777776
5,45.24722222222222
1,0.5645833333333333
3,64.47916666666667
6,0.41388888888888886
4,29.18402777777778
1,0.1798611111111111
2,0.31319444444444444
16,2.0493055555555557
1,0.6125
16,7.803472222222222
3,69.42430555555555
4,28.608333333333334
1,0.38333333333333336
2,0.07430555555555556
3,2.5416666666666665
6,1.4659722222222222
4,19.104166666666668
5,29.086805555555557
1,0.3659722222222222
3,2.6333333333333333
6,11.48125
5,78.21597222222222
4,-72.15
8,1.91875
3,22.493055555555557
4,5.646527777777778
6,-5.322222222222222
1,0.7222222222222222
3,8.277083333333334
4,28.573611111111113
8,-28.022916666666667
13,0.0
5,76.16944444444445
6,-76.19513888888889
6,0.1527777777777778
4,19.09236111111111
3,-7.646527777777778
5,50.74027777777778
6,-51.72638888888889
20,0.06458333333333334
7,0.05416666666666667
11,1.457638888888889
12,4.392361111111111
1,0.3701388888888889
6,4.960416666666666
3,-3.33125
4,-0.20833333333333334
9,3.9055555555555554
5,44.7625
1,0.1798611111111111
2,0.27152777777777776
4,7.1375
3,-1.5479166666666666
6,-0.59375
6,0.0020833333333333333
15,0.0
4,26.89027777777778
3,-10.490972222222222
6,-0.3159722222222222
15,0.0006944444444444445
15,0.0
15,0.0
15,0.0
15,0.0
6,0.0
3,4.055555555555555
4,27.564583333333335
6,35.775
1,0.3798611111111111
3,3.6194444444444445
6,0.7305555555555555
4,5.815277777777778
5,66.17430555555555
1,0.4166666666666667
6,22.07638888888889
1,1.4027777777777777
3,0.5965277777777778
6,0.7284722222222222
5,64.92708333333333
4,-29.94236111111111
1,0.37083333333333335
13,8.177777777777777
6,15.20138888888889
6,0.0
6,0.0
6,0.0
15,0.0
15,0.0
15,0.0
1,0.7020833333333333
3,21.29722222222222
8,0.7277777777777777
4,7.708333333333333
5,28.283333333333335
9,-21.221527777777776
6,-7.917361111111111
17,5.114583333333333
1,1.7340277777777777
3,14.306944444444444
6,0.3798611111111111
4,7.072222222222222
9,5.863194444444445
1,0.3861111111111111
3,5.613194444444445
4,6.643055555555556
6,-6.259722222222222
5,43.03680555555555
1,0.6395833333333333
3,6.3597222222222225
4,1.7534722222222223
6,-1.3486111111111112
1,0.7465277777777778
6,72.9888888888889
1,0.44583333333333336
6,35.861805555555556
1,0.5055555555555555
16,0.020833333333333332
17,0.0
1,0.4423611111111111
2,0.04722222222222222
4,18.93888888888889
3,-13.429166666666667
6,-0.4326388888888889
9,36.90833333333333
1,0.42083333333333334
2,4.007638888888889
3,1.6125
4,35.49513888888889
5,35.16180555555555
6,-66.33541666666666
1,0.3159722222222222
3,2.683333333333333
4,5.468055555555556
5,42.99166666666667
9,-41.36805555555556
6,-3.698611111111111
1,0.60625
16,3.9444444444444446
27,0.041666666666666664
28,0.0
29,0.0
30,0.0
31,0.0
32,0.0
1,0.0
3,0.5916666666666667
4,19.754166666666666
1,0.21041666666666667
16,10.46111111111111
1,0.37430555555555556
4,20.281944444444445
3,-5.656944444444444
6,-7.274305555555555
1,0.6694444444444444
6,65.67083333333333
1,0.43125
3,21.568055555555556
4,5.653472222222222
6,-2.0208333333333335
1,0.5916666666666667
1,0.3590277777777778
3,3.640277777777778
6,1.7270833333333333
5,21.929861111111112
4,-20.184722222222224
1,0.3923611111111111
3,23.606944444444444
6,4.692361111111111
4,21.927777777777777
6,42.90833333333333
1,0.3770833333333333
3,3.6222222222222222
6,2.6909722222222223
4,2.9256944444444444
6,0.11736111111111111
6,0.0
6,0.0
9,1.35625
6,16.995833333333334
4,24.459027777777777
6,-24.459027777777777
6,0.0
6,0.0
6,0.0
6,0.0
6,0.0
6,0.0
6,0.0
6,0.0
6,0.0
15,0.0
15,0.0
15,0.0
15,0.0
15,0.0
15,0.0
15,0.0
15,0.0
15,0.0
15,0.0
15,0.0
6,0.0006944444444444445
6,0.0
6,0.0
6,0.0
6,0.0
6,0.0
6,0.0
6,0.0
6,0.0
6,0.0
6,0.0
6,0.0
6,0.0
6,0.0
15,0.0
15,0.0
15,0.0
15,0.0
15,0.0
15,0.0
15,0.0
15,0.0
15,0.0
15,0.0
15,0.0
15,0.0
15,0.0
15,0.0
6,0.0006944444444444445
6,0.0
6,0.0
6,0.0
6,0.0
6,0.0
6,0.0
6,0.0
6,0.0
6,0.0
6,0.0
6,0.0
15,0.0
15,0.0
15,0.0
15,0.0
15,0.0
15,0.0
15,0.0
15,0.0
15,0.0
15,0.0
15,0.0
15,0.0
6,0.0006944444444444445
6,0.0
6,0.0
6,0.0
6,0.0
6,0.0
6,0.0
6,0.0
6,0.0
6,0.0
6,0.0
6,0.0
6,0.0
15,0.0
15,0.0
15,0.0
15,0.0
15,0.0
15,0.0
15,0.0
15,0.0
15,0.0
15,0.0
15,0.0
15,0.0
15,0.0
6,0.0006944444444444445
6,0.0
6,0.0
6,0.0
6,0.0
15,0.0
15,0.0
15,0.0
15,0.0
15,0.0
3,14.051388888888889
6,-14.054166666666667
1,0.7166666666666667
8,19.795833333333334
3,17.528472222222224
4,37.602777777777774
6,-34.08680555555556
6,0.05625
15,0.0
1,0.1840277777777778
2,0.2951388888888889
6,4.920833333333333
3,0.5993055555555555
4,5.608333333333333
4,0.011805555555555555
6,0.0
15,0.0
3,7.020138888888889
4,41.4125
1,1.5743055555555556
8,12.08125
4,1.9361111111111111
3,-1.5506944444444444
6,-0.20972222222222223
1,0.325
4,50.24861111111111
3,-47.574305555555554
6,-0.6868055555555556
5,49.109722222222224
1,0.4638888888888889
4,58.06666666666667
3,-41.53125
6,-14.439583333333333
9,58.824305555555554
1,0.4
6,14.163194444444445
6,1.0798611111111112
6,0.049305555555555554
6,0.8576388888888888
6,0.9777777777777777
6,0.3298611111111111
6,0.6888888888888889
6,3.191666666666667
1,0.19930555555555557
16,9.520833333333334
7,1.0395833333333333
3,16.39375
4,4.248611111111111
5,15.372222222222222
6,-17.081944444444446
6,0.0006944444444444445
1,0.23958333333333334
2,0.23194444444444445
6,1.9868055555555555
3,0.5409722222222222
4,5.598611111111111
9,65.03611111111111
5,13.081944444444444
1,0.40555555555555556
3,17.59375
4,6.456944444444445
6,-3.727777777777778
9,13.82638888888889
6,21.145138888888887
1,0.7131944444444445
2,0.016666666666666666
6,7.833333333333333
3,0.4361111111111111
4,5.585416666666666
6,15.307638888888889
3,0.2923611111111111
4,0.24861111111111112
1,0.3347222222222222
4,10.041666666666666
3,-2.377083333333333
6,-4.249305555555556
5,23.896527777777777
1,0.7111111111111111
8,59.00069444444444
7,0.9027777777777778
6,4.899305555555555
1,0.37430555555555556
3,1.625
6,0.7326388888888888
4,2.9819444444444443
5,17.025694444444444
2,0.19166666666666668
3,27.34513888888889
4,2.4590277777777776
6,-0.825
1,0.33819444444444446
6,4.090972222222222
3,0.5701388888888889
5,78.71736111111112
9,-17.26597222222222
4,-9.734722222222222
15,0.0
15,0.0
15,0.0
15,0.0
15,0.0
15,0.0
15,0.0
15,0.0
15,0.0
15,0.0
15,0.0
15,0.0
6,0.0
6,0.0
1,0.3333333333333333
8,2.196527777777778
3,7.470833333333333
4,36.52152777777778
8,-25.069444444444443
6,-9.780555555555555
9,42.01111111111111
5,21.31736111111111
1,0.5847222222222223
6,63.985416666666666
1,1.3694444444444445
3,3.629861111111111
6,3.4479166666666665
5,38.20763888888889
9,-0.5597222222222222
4,-28.814583333333335
1,0.19583333333333333
2,0.21597222222222223
6,1.9631944444444445
3,0.6243055555555556
5,120.04166666666667
4,-119.46597222222222
8,4.1819444444444445
3,4.392361111111111
6,2.6395833333333334
5,55.10069444444444
4,-28.37847222222222
6,10.735416666666667
4,36.0375
3,-5.489583333333333
6,-3.6104166666666666
4,36.049305555555556
3,-5.472222222222222
6,-6.472916666666666
6,7.996527777777778
3,8.584027777777777
4,4.24375
5,101.79791666666667
1,0.7111111111111111
8,59.00069444444444
7,0.9027777777777778
6,4.899305555555555
1,0.38125
3,4.618055555555555
6,1.3402777777777777
4,34.28680555555555
6,0.0
15,0.0
6,0.0006944444444444445
6,0.0
15,0.0
15,0.0
15,0.0
15,0.0
15,0.0
6,0.0006944444444444445
15,0.0
15,0.0006944444444444445
15,0.0
15,0.0
15,0.0
15,0.0
15,0.0
15,0.0
6,0.0006944444444444445
15,0.0
15,0.0
15,0.0
15,0.0
15,0.0
15,0.0
15,0.0
15,0.0
15,0.0020833333333333333
6,0.0006944444444444445
15,0.0
15,0.0
6,0.0006944444444444445
15,0.0
15,0.0
15,0.0
15,0.0
15,0.0
15,0.0
15,0.0
15,0.0
15,0.0
6,0.002777777777777778
15,0.0
15,0.0
15,0.0
6,0.001388888888888889
15,0.0
15,0.0
15,0.0
15,0.0
15,0.0
15,0.0
6,0.0020833333333333333
15,0.0
15,0.0
6,0.0006944444444444445
15,0.0
15,0.0
3,1.3541666666666667
6,1.3229166666666667
15,0.0
15,0.0
15,0.0
6,0.001388888888888889
15,0.0
6,0.0006944444444444445
15,0.0
15,0.0
6,0.0006944444444444445
15,0.0
15,0.0
15,0.0
6,0.001388888888888889
15,0.0
6,0.0006944444444444445
15,0.0
15,0.0
15,0.0
15,0.0
6,0.0020833333333333333
15,0.0
15,0.0
15,0.0
15,0.0
6,0.0020833333333333333
6,0.0
15,0.0
15,0.0
6,0.0006944444444444445
15,0.0
15,0.0
6,0.0006944444444444445
15,0.0
6,2.0944444444444446
15,0.0
6,0.0006944444444444445
15,0.0
15,0.0
15,0.0
15,0.0
6,0.002777777777777778
6,0.0
15,0.0
15,0.0
20,0.00625
20,0.0020833333333333333
20,0.0020833333333333333
20,0.0020833333333333333
20,0.002777777777777778
6,0.0020833333333333333
15,0.0
15,0.0
20,0.0020833333333333333
20,0.001388888888888889
15,0.002777777777777778
15,0.0
6,0.0006944444444444445
15,0.0
6,0.001388888888888889
6,0.0
6,0.0
15,0.0
15,0.0
15,0.0
6,0.001388888888888889
15,0.0
20,0.0006944444444444445
20,0.001388888888888889
20,0.0020833333333333333
6,1.0034722222222223
15,0.0
4,31.997222222222224
4,7.045138888888889
5,10.2125
4,19.744444444444444
5,1.1388888888888888
1,0.3798611111111111
8,18.113194444444446
8,23.215972222222224
3,3.3319444444444444
4,4.692361111111111
6,-4.138888888888889
5,56.10138888888889
1,0.5326388888888889
4,40.96458333333333
3,-0.45625
5,46.0
6,-46.43680555555556
1,0.37916666666666665
4,31.15
3,-17.52986111111111
5,41.739583333333336
6,-49.00833333333333
1,0.37777777777777777
6,9.990277777777777
1,0.43194444444444446
3,5.567361111111111
4,26.58125
6,-26.15
16,0.7375
8,0.0
1,0.3729166666666667
3,1.6263888888888889
4,13.666666666666666
5,29.052083333333332
6,-40.986111111111114
4,20.789583333333333
3,-14.471527777777778
6,-0.3284722222222222
5,22.030555555555555
1,0.6701388888888888
3,14.370833333333334
6,3.6951388888888888
4,35.044444444444444
1,0.38472222222222224
6,7.070138888888889
4,63.90486111111111
3,-41.53125
6,-14.438888888888888
9,58.82361111111111
1,3.504166666666667
6,27.040277777777778
3,11.45486111111111
4,1.7034722222222223
1,0.7166666666666667
6,14.788194444444445
1,0.3347222222222222
6,10.396527777777777
3,3.2680555555555557
5,51.65416666666667
4,-27.15277777777778
1,0.38958333333333334
3,0.6097222222222223
6,2.725
5,45.69861111111111
4,-37.78263888888889
6,6.821527777777778
3,2.5527777777777776
4,39.604166666666664
1,0.6229166666666667
3,12.376388888888888
6,1.6979166666666667
4,0.8597222222222223
9,1.5340277777777778
4,47.831944444444446
3,-8.284027777777778
5,30.677083333333332
6,-50.15416666666667
4,25.459027777777777
6,-25.459027777777777
6,0.0
6,0.0
15,0.0
15,0.0
15,0.0
15,0.0
6,0.0006944444444444445
6,0.0
6,0.0
6,0.0
6,0.0
6,0.0
6,0.0
6,0.0
6,0.0
6,0.0
6,0.0
6,0.0
6,0.0
6,0.0
6,0.0
6,0.0
6,0.0
6,0.0
6,0.0
15,0.0
15,0.0
15,0.0
15,0.0
15,0.0
15,0.0
15,0.0
15,0.0
15,0.0
15,0.0
15,0.0
15,0.0
15,0.0
15,0.0
15,0.0
15,0.0
15,0.0
15,0.0
15,0.0
6,0.0006944444444444445
6,0.0
6,0.0
6,0.0
6,0.0
6,0.0
6,0.0
6,0.0
6,0.0
6,0.0
6,0.0
6,0.0
6,0.0
6,0.0
15,0.0
15,0.0
15,0.0
15,0.0
15,0.0
15,0.0
15,0.0
15,0.0
15,0.0
15,0.0
15,0.0
15,0.0
15,0.0
15,0.0
6,0.0006944444444444445
6,0.0
6,0.0
6,0.0
6,0.0
6,0.0
6,0.0
15,0.0
15,0.0
15,0.0
15,0.0
15,0.0
15,0.0
15,0.0
15,0.0
6,0.0006944444444444445
6,0.0
6,0.0
6,0.0
6,0.0
6,0.0
6,0.0
6,0.0
6,0.0
6,0.0
6,0.0
6,0.0
6,0.0
6,0.0
6,0.0
15,0.0
15,0.0
15,0.0
15,0.0
15,0.0
15,0.0
15,0.0
15,0.0
15,0.0
15,0.0
15,0.0
15,0.0
15,0.0
15,0.0
15,0.0
6,0.0006944444444444445
6,0.0
6,0.0
6,0.0
6,0.0
6,0.0
6,0.0
6,0.0
6,0.0
6,0.0
6,0.0
6,0.0
6,0.0
6,0.0
6,0.0
6,0.0
6,0.0
15,0.0
15,0.0
15,0.0
15,0.0
15,0.0
15,0.0
15,0.0
15,0.0
15,0.0
15,0.0
15,0.0
15,0.0
15,0.0
15,0.0
15,0.0
15,0.0
15,0.0
6,0.0006944444444444445
6,0.0
15,0.0
15,0.0
6,0.0006944444444444445
6,0.0
6,0.0
6,0.0
6,0.0
6,0.0
6,0.0
6,0.0
6,0.0
6,0.0
6,0.0
6,0.0
15,0.0
15,0.0
15,0.0
15,0.0
15,0.0
15,0.0
15,0.0
15,0.0
15,0.0
15,0.0
15,0.0
15,0.0
6,0.0006944444444444445
6,0.0
6,0.0
6,0.0
15,0.0
15,0.0
15,0.0
15,0.0
3,15.04861111111111
6,-15.054166666666667
1,0.4423611111111111
2,0.04097222222222222
4,36.22222222222222
3,-33.70625
6,-0.4465277777777778
5,56.86944444444445
2,0.0
4,28.05902777777778
3,-10.536805555555556
6,-13.5
1,0.35555555555555557
3,2.64375
4,11.425
6,-8.105555555555556
5,53.10069444444444
1,0.3541666666666667
7,0.18888888888888888
3,4.45625
5,22.727777777777778
6,-16.995833333333334
9,0.3548611111111111
4,-5.470138888888889
2,0.022916666666666665
1,0.3701388888888889
3,0.6291666666666667
6,1.7305555555555556
4,-1.3493055555555555
9,1.7152777777777777
5,41.90347222222222
17,4.411111111111111
8,30.025
6,0.06388888888888888
3,23.229166666666668
4,27.615972222222222
1,0.39375
3,3.6055555555555556
4,27.605555555555554
5,32.394444444444446
6,-59.272222222222226
1,0.40902777777777777
3,26.59027777777778
6,0.6333333333333333
4,84.90138888888889
6,0.0
6,0.0
15,0.0
15,0.0
6,0.0006944444444444445
15,0.0
20,3.348611111111111
20,0.004861111111111111
20,0.01597222222222222
1,0.6770833333333334
8,62.99861111111111
3,1.3652777777777778
4,34.70625
6,-34.267361111111114
4,2.0868055555555554
3,-0.5569444444444445
6,-0.5409722222222222
5,14.04513888888889
1,0.6006944444444444
6,5.7125
3,1.6861111111111111
5,44.0
4,-30.41111111111111
16,0.049305555555555554
4,31.86875
3,-24.566666666666666
5,72.72013888888888
9,-36.96458333333333
6,-36.10486111111111
1,0.7125
4,20.844444444444445
3,-5.557638888888889
5,111.69652777777777
9,-101.11111111111111
6,-10.92986111111111
1,0.6652777777777777
6,48.80486111111111
6,2.454861111111111
3,4.115972222222222
4,5.379166666666666
4,0.0006944444444444445
16,0.010416666666666666
1,0.4340277777777778
2,0.013888888888888888
3,1.551388888888889
6,0.3159722222222222
4,7.303472222222222
9,34.85625
1,0.8777777777777778
3,20.12152777777778
4,23.665277777777778
6,-22.252777777777776
1,1.5986111111111112
3,13.442361111111111
6,0.5527777777777778
4,33.91875
1,1.3784722222222223
3,26.620833333333334
4,1.6625
1,0.20208333333333334
2,0.15416666666666667
3,6.643055555555556
4,5.555555555555555
5,72.14166666666667
6,-77.37222222222222
1,0.4652777777777778
3,26.575694444444444
4,9.636805555555556
5,48.01875
9,-20.21388888888889
6,-36.794444444444444
3,0.61875
6,0.7319444444444444
4,20.869444444444444
3,15.599305555555556
4,36.61875
6,-34.828472222222224
1,0.4270833333333333
2,0.0125
6,8.868055555555555
3,1.6305555555555555
8,16.354861111111113
4,4.371527777777778
5,13.735416666666667
6,-18.102777777777778
1,0.40069444444444446
2,0.04722222222222222
4,13.098611111111111
3,-6.5472222222222225
6,-0.425
3,10.540277777777778
4,17.560416666666665
6,-15.067361111111111
1,1.6701388888888888
3,19.370833333333334
4,27.58888888888889
6,-27.141666666666666
9,35.99444444444445
1,0.43125
6,10.390972222222222
6,4.872222222222222
3,13.352083333333333
6,1.5326388888888889
5,105.16388888888889
9,-86.95625
4,-14.25763888888889
6,32.9
3,1.55625
6,3.6465277777777776
5,38.009027777777774
4,-30.434722222222224
1,0.45069444444444445
2,1.1805555555555556
3,63.40972222222222
4,5.683333333333334
6,0.03819444444444445
9,0.3840277777777778
20,0.06458333333333334
7,0.05416666666666667
11,1.457638888888889
12,4.392361111111111
4,31.074305555555554
3,-16.575694444444444
6,-11.622222222222222
4,31.85625
3,-18.37847222222222
6,-2.8958333333333335
5,51.55277777777778
1,0.3590277777777778
3,4.6402777777777775
6,1.3159722222222223
4,4.891666666666667
1,0.36666666666666664
3,3.6326388888888888
4,28.520138888888887
5,16.199305555555554
6,-43.418055555555554
1,0.36527777777777776
3,0.6340277777777777
4,0.7305555555555555
6,0.6520833333333333
9,3.375
5,16.943055555555556
3,8.397222222222222
6,0.3541666666666667
4,31.215972222222224
1,0.38125
4,23.286805555555556
3,-19.66875
6,-0.2701388888888889
1,0.6375
6,27.757638888888888
1,0.6701388888888888
6,27.040277777777778
20,6.794444444444444
6,0.001388888888888889
1,0.5256944444444445
17,0.043055555555555555
2,0.016666666666666666
4,13.75
3,-5.336111111111111
6,-0.3173611111111111
5,84.7388888888889
1,0.47847222222222224
3,5.5625
4,29.645138888888887
6,-29.242361111111112
5,66.59722222222223
3,5.566666666666666
6,8.678472222222222
5,42.041666666666664
4,-16.205555555555556
1,0.6270833333333333
16,2.0236111111111112
1,0.1763888888888889
2,0.1798611111111111
2,2.963888888888889
6,20.910416666666666
3,3.629861111111111
4,17.523611111111112
5,24.215972222222224
6,-38.231944444444444
6,28.32638888888889
3,6.138888888888889
4,5.501388888888889
1,0.5548611111111111
3,16.444444444444443
4,33.52361111111111
6,-33.20625
5,71.72430555555556
1,0.3923611111111111
6,5.342361111111111
3,0.26458333333333334
5,49.65416666666667
4,-24.000694444444445
1,0.4652777777777778
6,7.020833333333333
6,11.811111111111112
1,0.7409722222222223
8,0.71875
8,42.236805555555556
6,6.870138888888889
3,0.47430555555555554
4,21.620833333333334
9,9.790972222222223
1,0.6715277777777777
6,14.806944444444444
16,13.831944444444444
1,0.19583333333333333
2,0.27152777777777776
4,18.945833333333333
3,-13.41388888888889
6,-0.47708333333333336
1,0.38819444444444445
3,2.611111111111111
4,85.73402777777778
6,-85.21736111111112
5,98.2
3,10.459027777777777
4,3.6569444444444446
5,101.03958333333334
6,-101.25069444444445
1,0.41875
6,14.31875
3,0.3034722222222222
4,6.638194444444444
1,0.3701388888888889
3,1.6291666666666667
6,3.747916666666667
4,17.904166666666665
5,27.00347222222222
1,0.41388888888888886
6,19.24861111111111
1,0.3486111111111111
3,9.650694444444444
4,14.58611111111111
6,-13.844444444444445
3,8.365972222222222
4,34.678472222222226
6,-34.32361111111111
1,0.44583333333333336
2,0.025694444444444443
6,1.1131944444444444
3,0.41458333333333336
5,84.71666666666667
9,-13.081944444444444
4,-71.24930555555555
1,0.6888888888888889
7,0.7583333333333333
4,41.924305555555556
3,-24.472916666666666
6,-5.388194444444444
1,0.6104166666666667
2,0.10833333333333334
3,16.322222222222223
6,11.318055555555556
13,0.08333333333333333
4,23.049305555555556
4,74.07430555555555
3,-51.65833333333333
5,98.04166666666667
6,-105.50486111111111
1,3.452777777777778
6,20.000694444444445
3,0.5458333333333333
4,22.59722222222222
1,0.6173611111111111
6,28.898611111111112
1,0.3402777777777778
3,0.6590277777777778
4,12.409722222222221
6,-11.6625
5,41.90833333333333
1,0.45069444444444445
8,0.027777777777777776
3,15.520833333333334
4,45.66319444444444
5,46.37847222222222
6,-88.48194444444445
4,57.87291666666667
3,-27.602083333333333
6,-0.5
9,37.91180555555555
1,0.3145833333333333
3,4.684722222222222
6,1.7430555555555556
5,57.25694444444444
9,-28.385416666666668
4,-1.9194444444444445
1,0.5604166666666667
6,51.80902777777778
3,3.671527777777778
4,1.70625
1,0.40069444444444446
3,1.5986111111111112
4,17.744444444444444
5,74.29722222222222
6,-91.52222222222223
6,0.018055555555555554
15,0.0
3,17.575
4,40.67777777777778
9,13.877777777777778
5,1.1645833333333333
1,1.354861111111111
7,0.23819444444444443
3,1.40625
4,55.78333333333333
6,-55.46875
5,57.37708333333333
1,0.5548611111111111
2,0.022222222222222223
3,2.422222222222222
4,26.543055555555554
6,-23.865277777777777
1,11.406944444444445
17,0.017361111111111112
4,1.0506944444444444
5,6.19375
17,4.873611111111111
17,0.05347222222222222
16,0.17222222222222222
1,0.7090277777777778
17,0.002777777777777778
2,0.018055555555555554
4,6.898611111111111
3,-4.629166666666666
6,-0.46805555555555556
3,41.31805555555555
6,5.427777777777778
4,3.082638888888889
1,0.3229166666666667
3,1.676388888888889
6,0.7319444444444444
4,10.825
5,30.161805555555556
1,0.6159722222222223
16,2.8006944444444444
1,0.5722222222222222
2,0.09791666666666667
6,12.85763888888889
3,0.47152777777777777
4,4.5472222222222225
9,29.928472222222222
1,0.4409722222222222
6,17.956944444444446
3,9.60138888888889
4,8.515277777777778
5,16.944444444444443
7,0.15416666666666667
3,0.39861111111111114
4,3.388888888888889
6,-0.9916666666666667
5,31.294444444444444
1,0.3819444444444444
3,8.659027777777778
5,66.0
4,-64.51458333333333
9,7.611111111111111
6,-0.38333333333333336
6,11.227777777777778
3,4.370138888888889
4,38.53611111111111
1,0.43472222222222223
6,15.972916666666666
1,1.0013888888888889
3,42.99791666666667
4,20.691666666666666
5,20.727777777777778
6,-36.87361111111111
2,0.8875
3,14.403472222222222
4,3.622916666666667
6,-3.191666666666667
1,3.40625
3,26.634722222222223
6,1.5569444444444445
4,28.111805555555556
9,18.740972222222222
5,17.264583333333334
1,0.35208333333333336
3,0.6472222222222223
4,33.72291666666667
6,-32.99513888888889
9,34.92777777777778
5,13.063194444444445
16,0.1388888888888889
1,4.713888888888889
3,9.285416666666666
4,5.729166666666667
6,-1.323611111111111
3,22.441666666666666
4,46.72222222222222
5,46.31944444444444
6,-88.53055555555555
1,0.37916666666666665
6,6.351388888888889
3,7.26875
4,17.52986111111111
5,24.209722222222222
3,0.53125
4,0.4444444444444444
6,-0.09861111111111111
5,18.321527777777778
1,0.45208333333333334
8,1.2305555555555556
4,30.742361111111112
3,-13.425694444444444
5,52.420138888888886
6,-52.78472222222222
3,33.704861111111114
6,1.3895833333333334
5,63.28541666666667
7,-48.109722222222224
9,30.844444444444445
4,-31.90277777777778
1,0.3090277777777778
3,2.6902777777777778
5,62.420833333333334
6,-52.68888888888889
9,0.3548611111111111
4,-7.6375
3,5.582638888888889
4,21.527083333333334
6,-20.184722222222224
7,43.928472222222226
1,0.40069444444444446
3,0.5986111111111111
6,3.5756944444444443
4,1.7430555555555556
5,16.117361111111112
40,2.6173611111111112
1,0.005555555555555556
6,20.96527777777778
1,9.408333333333333
6,14.181944444444444
3,0.45069444444444445
4,26.629166666666666
1,0.36736111111111114
3,4.631944444444445
6,2.4034722222222222
5,63.25138888888889
9,-35.55486111111111
4,-7.622916666666667
19,4.7243055555555555
17,0.004861111111111111
1,0.6277777777777778
3,28.37152777777778
6,0.5805555555555556
4,40.666666666666664
5,2.1729166666666666
1,0.5368055555555555
3,18.504166666666666
6,0.6270833333333333
4,33.84444444444444
9,1.9756944444444444
1,0.39166666666666666
6,19.273611111111112
3,0.33402777777777776
4,0.5854166666666667
1,0.6020833333333333
3,31.397222222222222
4,28.635416666666668
5,45.40625
9,-29.444444444444443
6,-41.78402777777778
1,0.3277777777777778
3,0.6715277777777777
5,22.377777777777776
4,-21.858333333333334
9,1.5743055555555556
6,-0.7631944444444444
6,0.0
6,0.0
15,0.0
15,0.0
6,0.007638888888888889
6,0.0
6,0.0
6,0.0
15,0.0
15,0.0
15,0.0
15,0.0
6,0.7729166666666667
6,0.0
6,0.0
6,0.0
6,0.0
6,0.0
6,0.0
15,0.0
15,0.0
15,0.0
15,0.0
15,0.0
15,0.0
15,0.0
6,0.0006944444444444445
6,0.0
6,0.0
6,0.0
15,0.0
15,0.0
15,0.0
15,0.0
6,0.0006944444444444445
6,0.0
6,0.0
6,0.0
6,0.0
6,0.0
15,0.0
15,0.0
15,0.0
15,0.0
15,0.0
15,0.0
7,0.22291666666666668
20,0.020833333333333332
11,1.375
12,12.591666666666667
5,30.148611111111112
3,0.6152777777777778
6,0.7284722222222222
5,19.999305555555555
4,-16.205555555555556
1,0.18819444444444444
6,21.349305555555556
1,0.3298611111111111
3,0.6694444444444444
4,15.676388888888889
5,35.32361111111111
6,-49.670138888888886
20,4.904861111111111
8,0.019444444444444445
1,0.37430555555555556
6,1.3569444444444445
3,5.309722222222222
4,0.4638888888888889
5,23.15763888888889
1,0.31875
4,40.138888888888886
3,-37.458333333333336
6,-0.6277777777777778
5,48.28472222222222
1,0.20625
3,2.7930555555555556
6,3.542361111111111
4,0.8291666666666667
9,51.104166666666664
1,0.45069444444444445
2,0.025694444444444443
3,2.5229166666666667
6,0.4840277777777778
5,70.93888888888888
9,-0.8256944444444444
4,-50.03541666666667
1,0.4111111111111111
8,20.997222222222224
3,0.6326388888888889
4,13.606944444444444
6,-8.488888888888889
5,51.53680555555555
4,33.46041666666667
6,-33.46041666666667
15,0.0
15,0.0
6,0.0006944444444444445
6,0.0
15,0.0
15,0.0
6,0.001388888888888889
6,0.0
6,0.0
6,0.0
6,0.0
15,0.0
15,0.0
15,0.0
15,0.0
15,0.0
6,0.0006944444444444445
6,0.0
6,0.0
6,0.0
6,0.0
6,0.0
15,0.0
15,0.0
15,0.0
15,0.0
15,0.0
15,0.0
15,0.0
15,0.0
6,0.0006944444444444445
6,0.0
6,0.0
6,0.0
6,0.0
6,0.0
6,0.0
6,0.0
6,0.0
15,0.0
15,0.0
15,0.0
15,0.0
15,0.0
15,0.0
15,0.0
15,0.0
15,0.0
6,0.0006944444444444445
6,0.0
6,0.0
6,0.0
15,0.0
15,0.0
15,0.0
15,0.0
6,0.0006944444444444445
6,0.0
6,0.0
6,0.0
6,0.0
6,0.0
6,0.0
6,0.0
6,0.0
6,0.0
6,0.0
15,0.0
15,0.0
15,0.0
15,0.0
15,0.0
15,0.0
15,0.0
15,0.0
15,0.0
15,0.0
15,0.0
6,0.0006944444444444445
6,0.0
6,0.0
6,0.0
6,0.0
6,0.0
6,0.0
15,0.0
15,0.0
15,0.0
15,0.0
15,0.0
15,0.0
15,0.0
15,0.0
6,0.0006944444444444445
6,0.0
6,0.0
6,0.0
6,0.0
6,0.0
6,0.0
6,0.0
6,0.0
6,0.0
15,0.0
15,0.0
15,0.0
15,0.0
15,0.0
15,0.0
15,0.0
15,0.0
15,0.0
15,0.0
6,0.0006944444444444445
6,0.0
6,0.0
6,0.0
6,0.0
6,0.0
6,0.0
6,0.0
15,0.0
15,0.0
15,0.0
15,0.0
15,0.0
15,0.0
15,0.0
15,0.0
3,23.04861111111111
6,-23.055555555555557
1,0.6965277777777777
4,34.731944444444444
3,-22.429166666666667
6,-5.3381944444444445
1,0.3715277777777778
3,1.6277777777777778
6,1.4166666666666667
4,7.278472222222222
5,13.683333333333334
4,23.244444444444444
3,-15.609722222222222
5,38.46180555555556
6,-41.790277777777774
3,23.45486111111111
6,0.39305555555555555
4,3.2993055555555557
5,59.02708333333333
6,13.225694444444445
6,37.09722222222222
2,3.082638888888889
6,21.218055555555555
3,0.27291666666666664
4,2.454861111111111
1,0.23402777777777778
8,4.523611111111111
6,0.5951388888888889
1,0.2048611111111111
2,0.5284722222222222
3,4.2659722222222225
6,0.32430555555555557
3,1.6756944444444444
4,2.7152777777777777
4,3.7597222222222224
9,58.043055555555554
5,0.2013888888888889
1,0.40347222222222223
2,0.13680555555555557
1,0.4340277777777778
6,16.32777777777778
3,4.2375
4,0.5465277777777777
9,7.218055555555556
6,4.097222222222222
3,8.35
4,33.54375
5,16.176388888888887
3,31.509722222222223
6,3.522222222222222
4,-0.12638888888888888
9,0.7020833333333333
1,0.20208333333333334
2,0.2798611111111111
16,0.25625
1,0.3840277777777778
3,3.6152777777777776
6,0.7354166666666667
4,12.825694444444444
1,1.5958333333333334
7,13.769444444444444
4,17.340972222222224
3,-10.706944444444444
6,-0.5173611111111112
1,0.39791666666666664
4,46.37361111111111
3,-3.7305555555555556
6,-9.658333333333333
1,0.3326388888888889
3,1.6666666666666667
6,1.7326388888888888
4,26.584027777777777
5,28.33888888888889
1,1.4111111111111112
2,0.02847222222222222
6,7.218055555555556
3,0.3416666666666667
4,7.477777777777778
5,63.94375
3,5.135416666666667
4,8.646527777777777
6,-8.23263888888889
9,14.1
1,0.4166666666666667
2,0.022916666666666665
4,9.189583333333333
3,-1.6298611111111112
6,-1.2958333333333334
1,0.35694444444444445
4,2.3375
3,0.30486111111111114
6,0.3923611111111111
9,0.7034722222222223
5,7.576388888888889
1,1.375
3,3.6243055555555554
6,0.6111111111111112
4,34.03472222222222
1,1.39375
2,3.2090277777777776
3,16.396527777777777
4,42.611805555555556
6,-38.18680555555556
1,0.6805555555555556
3,12.31875
4,22.361805555555556
5,27.25
9,-20.1875
6,-29.02986111111111
1,0.42916666666666664
2,0.021527777777777778
6,22.167361111111113
3,0.38125
4,0.7416666666666667
9,41.734027777777776
1,0.4263888888888889
3,3.5729166666666665
4,38.55486111111111
5,20.866666666666667
6,-56.68819444444444
1,0.4409722222222222
6,32.88333333333333
1,22.79861111111111
16,28.913888888888888
3,8.36875
4,25.63888888888889
5,31.101388888888888
6,-56.3375
1,0.6854166666666667
6,31.814583333333335
3,1.4993055555555554
4,64.48819444444445
9,17.96527777777778
1,0.3819444444444444
2,0.02847222222222222
4,41.21666666666667
3,-12.627777777777778
5,68.71666666666667
9,-13.081944444444444
6,-55.99722222222222
1,5.46875
3,13.530555555555555
4,4.405555555555556
6,-0.7638888888888888
1,2.7881944444444446
3,22.252777777777776
6,1.4652777777777777
4,3.154861111111111
6,6.7652777777777775
3,0.6145833333333334
4,2.5708333333333333
1,0.5895833333333333
1,11.406944444444445
3,12.634027777777778
6,0.36875
4,15.865277777777777
9,45.17777777777778
1,0.6020833333333333
6,14.994444444444444
1,5.608333333333333
3,5.432638888888889
6,0.4625
5,72.19305555555556
7,-33.97708333333333
9,0.0
4,-37.02569444444445
1,0.38472222222222224
6,6.939583333333333
1,0.38819444444444445
3,0.6111111111111112
4,28.649305555555557
6,-27.259722222222223
5,63.610416666666666
1,0.5763888888888888
3,1.4229166666666666
6,0.5326388888888889
4,33.03819444444444
5,44.14861111111111
1,0.3784722222222222
3,1.6208333333333333
6,3.3159722222222223
5,53.68402777777778
4,-31.41111111111111
1,0.5625
3,20.436805555555555
6,0.3486111111111111
4,14.225694444444445
1,0.43819444444444444
2,0.0006944444444444445
3,3.560416666666667
6,2.3319444444444444
5,44.324305555555554
9,-29.209027777777777
4,-4.978472222222222
1,2.463888888888889
2,0.9645833333333333
3,7.570833333333334
4,27.51527777777778
6,-27.134722222222223
5,77.33819444444444
1,0.6645833333333333
3,53.37638888888889
4,28.586111111111112
6,-27.02986111111111
5,57.44375
2,0.0
6,4.9319444444444445
3,13.5
4,10.536111111111111
1,1.65625
2,0.002777777777777778
3,2.3402777777777777
6,4.3375
4,30.325694444444444
9,17.681944444444444
5,18.075
1,0.3729166666666667
3,0.6263888888888889
4,14.63125
5,64.41041666666666
6,-77.71458333333334
1,3.532638888888889
3,7.466666666666667
4,35.58958333333333
6,-35.077777777777776
9,38.102777777777774
5,13.104166666666666
1,0.8631944444444445
16,11.629861111111111
1,0.3138888888888889
3,1.6854166666666666
4,19.4875
5,9.189583333333333
9,-1.1340277777777779
6,-26.15763888888889
1,0.5597222222222222
2,0.06875
3,9.370833333333334
6,0.3958333333333333
4,3.247916666666667
1,0.4076388888888889
8,0.0006944444444444445
7,63.017361111111114
4,35.15694444444444
8,-26.720833333333335
13,0.0
3,0.17916666666666667
6,-0.3611111111111111
1,0.33958333333333335
3,1.6597222222222223
6,0.38333333333333336
4,13.22638888888889
5,21.772222222222222
2,3.997916666666667
3,23.436805555555555
4,5.444444444444445
6,-5.008333333333334
3,31.45347222222222
4,0.5020833333333333
6,0.8756944444444444
9,0.7173611111111111
3,3.560416666666667
6,10.543055555555556
4,7.040277777777778
1,0.3284722222222222
3,0.6708333333333333
6,0.7368055555555556
5,57.00347222222222
4,-31.12361111111111
1,0.33055555555555555
3,6.66875
6,0.3298611111111111
4,13.29513888888889
5,38.09375
1,2.615972222222222
6,31.756944444444443
1,1.5333333333333334
3,13.50763888888889
6,5.627777777777778
4,1.7201388888888889
1,2.4159722222222224
4,25.285416666666666
3,-2.7020833333333334
6,-0.5902777777777778
5,97.2875
1,0.7319444444444444
6,21.65138888888889
3,0.6159722222222223
5,50.65555555555556
9,-13.23125
4,-6.913194444444445
1,0.3451388888888889
8,79.26388888888889
4,40.00972222222222
3,-33.577777777777776
6,-3.252083333333333
3,10.44513888888889
4,90.67777777777778
6,-87.30555555555556
1,0.33125
3,0.6680555555555555
5,20.435416666666665
4,-17.754166666666666
9,1.0159722222222223
6,-0.3659722222222222
6,10.80486111111111
1,0.6319444444444444
6,31.9375
6,0.001388888888888889
1,0.38333333333333336
3,15.615972222222222
6,4.543055555555555
5,71.15416666666667
4,-66.04722222222222
1,0.4076388888888889
2,0.2534722222222222
4,24.949305555555554
3,-3.611111111111111
6,-0.425
1,1.5340277777777778
6,28.979166666666668
6,0.33194444444444443
3,0.19583333333333333
5,29.677777777777777
4,-27.391666666666666
4,-0.006944444444444444
1,16.403472222222224
4,18.074305555555554
6,-11.8
5,29.78263888888889
6,7.889583333333333
3,0.3819444444444444
4,16.35
5,40.30555555555556
1,10.40625
6,1.0840277777777778
4,16.163194444444443
5,27.06597222222222
4,25.084027777777777
3,-4.528472222222222
6,-0.46458333333333335
1,0.23055555555555557
3,21.76875
4,85.53472222222223
6,-84.90347222222222
1,0.38263888888888886
6,4.946527777777778
3,-3.329861111111111
11,0.0
4,-0.20069444444444445
12,95.86597222222223
4,0.005555555555555556
9,0.00625
5,0.013194444444444444
5,1.0055555555555555
1,0.22291666666666668
2,0.18611111111111112
4,25.086805555555557
3,-4.496527777777778
6,-0.4701388888888889
9,34.94583333333333
6,12.678472222222222
6,0.0
6,0.0
6,0.0
15,0.0
15,0.0
15,0.0
15,0.0
15,0.0
15,0.0
15,0.0
15,0.0
15,0.0
15,0.0
6,0.0006944444444444445
6,0.0
6,0.0
6,0.0
6,0.0
6,0.0
6,0.0
6,0.0
6,0.0
6,0.0
15,0.0
15,0.0
15,0.0
15,0.0
15,0.0
15,0.0
15,0.0
15,0.0
15,0.0
15,0.0
15,0.0
15,0.0
15,0.0
15,0.0
15,0.0
15,0.0
15,0.0
15,0.0
6,0.0006944444444444445
6,0.0
6,0.0
6,0.0
6,0.0
6,0.0
6,0.0
6,0.0
15,0.0
15,0.0
15,0.0
15,0.0
15,0.0
15,0.0
15,0.0
15,0.0
15,0.0
15,0.0
15,0.0
15,0.0
6,0.0006944444444444445
6,0.0
6,0.0
6,0.0
6,0.0
6,0.0
15,0.0
15,0.0
15,0.0
15,0.0
15,0.0
15,0.0
15,0.0
15,0.0
15,0.0
15,0.0
6,0.0006944444444444445
6,0.0
6,0.0
6,0.0
6,0.0
15,0.0
15,0.0
15,0.0
15,0.0
15,0.0
15,0.0
6,0.0006944444444444445
6,0.0
6,0.0
6,0.0
6,0.0
6,0.0
6,0.0
15,0.0
15,0.0
15,0.0
15,0.0
15,0.0
15,0.0
15,0.0
15,0.0
15,0.0
15,0.0
15,0.0
15,0.0
15,0.0
15,0.0
6,0.0006944444444444445
15,0.0
15,0.0
15,0.0
6,0.0006944444444444445
15,0.0
15,0.0
1,0.6666666666666666
3,27.332638888888887
4,31.474305555555556
6,-31.169444444444444
20,4.904861111111111
1,0.38333333333333336
3,0.6159722222222223
4,9.502777777777778
5,64.53888888888889
6,-73.30069444444445
1,0.3770833333333333
4,19.364583333333332
3,-2.7423611111111112
6,-1.2902777777777779
5,77.71180555555556
6,14.339583333333334
3,4.219444444444444
4,0.5541666666666667
6,0.0
15,0.0
6,0.0006944444444444445
6,0.0
15,0.0
15,0.0
20,0.3659722222222222
1,0.6541666666666667
6,23.81111111111111
1,0.7222222222222222
3,8.277083333333334
6,5.552777777777778
4,23.020833333333332
5,48.14652777777778
17,0.05763888888888889
7,36.94861111111111
1,4.447916666666667
4,14.004861111111111
3,-6.4534722222222225
6,-0.125
9,20.680555555555557
6,96.98333333333333
6,0.0
1,0.42986111111111114
3,2.5694444444444446
6,25.563194444444445
5,24.177083333333332
4,-24.047916666666666
7,0.09722222222222222
2,6.851388888888889
6,6.186805555555556
1,0.44027777777777777
3,13.559027777777779
4,35.677083333333336
6,-23.127777777777776
9,33.05486111111111
1,1.2534722222222223
2,0.1951388888888889
6,12.038194444444445
3,0.5125
4,4.519444444444445
6,10.346527777777778
1,0.6784722222222223
1,0.7270833333333333
6,29.186805555555555
7,10.906944444444445
4,20.179166666666667
3,-13.600694444444445
6,-0.5347222222222222
1,0.36944444444444446
3,1.6298611111111112
5,20.702083333333334
6,-17.399305555555557
9,0.4548611111111111
4,-3.1840277777777777
1,7.656944444444444
8,1.7972222222222223
3,13.54513888888889
6,0.4125
4,46.25277777777778
1,0.36527777777777776
2,0.05416666666666667
6,11.139583333333333
3,0.44027777777777777
4,90.74236111111111
40,0.47291666666666665
1,0.00625
7,9.66875
4,26.550694444444446
3,-1.6993055555555556
6,-4.404861111111111
1,0.36180555555555555
3,1.6375
6,3.410416666666667
4,30.21875
1,0.24166666666666667
2,0.16875
4,28.127777777777776
3,-3.5388888888888888
6,-0.3423611111111111
9,59.97708333333333
5,13.081944444444444
1,1.3159722222222223
6,1.413888888888889
1,1.3722222222222222
5,39.62708333333333
3,-38.0
6,0.7340277777777777
9,0.3645833333333333
4,-1.3291666666666666
16,0.01597222222222222
1,0.4527777777777778
3,12.546527777777778
6,1.6416666666666666
4,12.589583333333334
5,30.426388888888887
1,0.2013888888888889
2,0.19722222222222222
3,4.600694444444445
6,0.33055555555555555
5,71.38888888888889
9,-0.2013888888888889
4,-62.00347222222222
3,0.0
1,44.422916666666666
6,15.08611111111111
4,56.12222222222222
12,3.00625
5,0.0006944444444444445
4,4.0368055555555555
9,0.0020833333333333333
5,6.019444444444445
3,3.6180555555555554
6,0.5722222222222222
4,25.929861111111112
5,29.2375
1,1.1833333333333333
2,0.2833333333333333
6,5.029166666666667
3,0.5034722222222222
4,4.468055555555556
3,13.519444444444444
4,23.69375
6,-23.104861111111113
5,51.06736111111111
1,2.4652777777777777
3,31.534027777777776
6,2.4604166666666667
4,7.964583333333334
5,66.61666666666666
1,3.6534722222222222
6,7.936805555555556
3,6.409027777777778
5,72.71666666666667
9,-13.081944444444444
4,-46.015972222222224
1,1.3840277777777779
3,0.6152777777777778
6,1.3277777777777777
4,34.37083333333333
1,0.4215277777777778
3,14.619444444444444
4,25.62847222222222
6,-22.15625
5,53.52777777777778
1,0.6840277777777778
6,41.8875
4,47.831944444444446
3,-8.284027777777778
5,30.677083333333332
6,-43.259027777777774
6,13.185416666666667
3,0.4027777777777778
5,38.37847222222222
4,-35.89791666666667
1,0.45694444444444443
3,30.542361111111113
6,4.579861111111111
4,34.09652777777778
5,38.36527777777778
4,24.034027777777776
3,-22.45138888888889
6,-0.5729166666666666
4,36.06597222222222
3,-26.483333333333334
6,-4.426388888888889
1,22.520833333333332
3,5.520833333333333
6,10.711805555555555
15,0.0
4,1.707638888888889
6,5.315972222222222
6,0.0
15,0.0
15,0.0
5,0.8541666666666666
4,3.8333333333333335
4,1.0034722222222223
5,23.229861111111113
1,1.5361111111111112
3,22.463194444444444
6,0.35208333333333336
4,2.2118055555555554
5,70.47777777777777
6,46.69236111111111
16,13.028472222222222
3,0.5534722222222223
4,21.602083333333333
6,-21.044444444444444
5,76.16180555555556
1,0.3701388888888889
3,1.6291666666666667
5,6.459722222222222
6,-3.160416666666667
9,0.13819444444444445
4,-0.9722222222222222
1,0.33194444444444443
3,1.667361111111111
5,21.38125
6,-16.646527777777777
9,0.3576388888888889
4,-4.504166666666666
1,0.7354166666666667
16,0.029861111111111113
4,20.27777777777778
3,-1.7402777777777778
6,-3.472916666666667
9,19.80902777777778
15,0.0
15,0.0
15,0.0
15,0.0
6,0.0
1,0.42083333333333334
2,0.01875
4,10.181944444444444
3,-4.622222222222222
6,-1.323611111111111
6,36.87916666666667
3,2.5444444444444443
4,5.575694444444444
1,2.6006944444444446
6,7.770833333333333
3,0.6694444444444444
4,35.611805555555556
2,0.1326388888888889
3,14.432638888888889
6,0.31805555555555554
4,2.1444444444444444
1,0.3402777777777778
3,3.6590277777777778
5,23.740277777777777
6,-20.41111111111111
9,0.7611111111111111
4,-3.379861111111111
1,0.47152777777777777
6,17.22361111111111
1,0.4048611111111111
3,28.594444444444445
4,3.6534722222222222
5,35.34652777777778
6,-38.604166666666664
6,0.001388888888888889
6,0.001388888888888889
6,0.001388888888888889
6,0.00625
6,0.001388888888888889
6,0.001388888888888889
6,0.0020833333333333333
6,-0.02013888888888889
6,0.002777777777777778
1,0.5993055555555555
3,14.4
4,12.374305555555555
6,-10.979166666666666
6,0.0
15,0.0
1,2.6180555555555554
3,11.38125
6,5.402777777777778
4,22.254166666666666
5,9.802777777777777
1,0.3298611111111111
3,2.6694444444444443
6,3.342361111111111
5,60.077777777777776
4,-50.03611111111111
1,0.38472222222222224
2,0.013194444444444444
6,10.261805555555556
3,1.3395833333333333
4,5.745138888888889
3,0.5694444444444444
4,24.241666666666667
6,-21.897222222222222
1,0.40625
6,29.365972222222222
1,1.5583333333333333
4,16.090972222222224
3,-12.65
6,-0.5097222222222222
5,77.22777777777777
1,0.3680555555555556
4,28.363194444444446
6,-24.294444444444444
3,17.5625
6,-17.56388888888889
15,0.0
15,0.0
6,0.0
1,0.7986111111111112
3,10.200694444444444
6,2.671527777777778
4,3.9590277777777776
9,1.8166666666666667
6,17.802777777777777
3,0.5673611111111111
4,4.563194444444444
1,2.3645833333333335
3,6.634722222222222
4,85.46875
6,-82.81388888888888
5,84.04097222222222
3,10.44513888888889
4,90.67777777777778
6,-87.30555555555556
4,35.94236111111111
3,-0.36944444444444446
5,50.71875
6,-57.233333333333334
1,0.32569444444444445
3,3.7152777777777777
6,3.390972222222222
13,0.1736111111111111
4,10.022222222222222
9,15.927083333333334
5,8.865972222222222
1,0.19930555555555557
2,0.25625
3,1.54375
6,2.451388888888889
4,9.158333333333333
1,0.33819444444444446
4,21.299305555555556
3,-16.638194444444444
6,-0.26319444444444445
1,0.22430555555555556
17,0.4375
2,0.09305555555555556
16,3.0395833333333333
6,0.0
6,0.0
15,0.0
15,0.0
20,4.092361111111111
1,0.4326388888888889
2,0.9555555555555556
16,14.14236111111111
27,0.04236111111111111
28,0.0
29,0.0
30,0.0
31,0.0
32,0.0
1,0.0
3,0.46041666666666664
6,0.5826388888888889
4,5.083333333333333
26,26.39375
27,0.04236111111111111
28,0.0
29,0.0
30,0.5270833333333333
31,0.0
36,0.0
7,0.0
9,0.4666666666666667
1,0.5868055555555556
4,44.03819444444444
3,-7.625694444444444
6,-1.3076388888888888
1,1.4548611111111112
3,29.544444444444444
6,0.56875
4,41.02847222222222
9,2.015277777777778
5,6.05
4,25.250694444444445
3,-3.6527777777777777
6,-6.66875
9,14.110416666666667
6,21.28472222222222
6,14.979166666666666
3,0.5
4,7.511111111111111
1,0.35347222222222224
6,3.0875
3,-1.4416666666666667
4,-0.26875
4,2.060416666666667
3,0.20833333333333334
9,25.45625
4,8.322222222222223
3,0.22152777777777777
11,0.0
11,6.0
12,1.2486111111111111
5,7.211111111111111
5,13.11736111111111
12,11.990972222222222
9,0.5659722222222222
5,16.449305555555554
6,5.777083333333334
3,0.5965277777777778
4,15.604861111111111
1,0.3541666666666667
3,1.645138888888889
4,20.675
5,29.785416666666666
6,-49.725
6,15.364583333333334
3,18.20486111111111
4,23.665972222222223
5,21.75486111111111
3,1.63125
6,0.4701388888888889
4,7.927083333333333
5,36.602777777777774
19,4.7243055555555555
17,0.004861111111111111
1,2.525
3,15.474305555555556
4,30.66875
5,23.986805555555556
6,-52.22083333333333
4,17.815277777777776
3,-9.353472222222223
5,49.65555555555556
6,-49.97222222222222
1,0.41388888888888886
3,8.585416666666667
6,3.545138888888889
4,3.8826388888888888
9,6.127777777777778
6,8.044444444444444
3,2.5229166666666667
5,98.04166666666667
4,-95.30208333333333
1,0.6173611111111111
16,0.013888888888888888
1,0.3993055555555556
2,0.030555555555555555
3,3.5694444444444446
6,0.3125
5,89.40416666666667
9,-13.081944444444444
4,-74.10277777777777
1,1.7472222222222222
1,0.4986111111111111
6,15.3
8,0.7631944444444444
13,0.0
8,0.9972222222222222
3,4.440277777777778
4,0.5291666666666667
9,7.235416666666667
1,0.7576388888888889
4,43.74583333333333
3,-27.504166666666666
6,-1.34375
9,34.700694444444444
1,0.7173611111111111
1,2.417361111111111
7,0.9972222222222222
3,9.584722222222222
4,9.483333333333333
6,-7.0465277777777775
5,66.28125
1,1.3881944444444445
2,0.18125
4,20.891666666666666
3,-12.461805555555555
6,-0.34305555555555556
1,5.65625
3,9.343055555555555
4,31.455555555555556
5,24.2
9,-13.23125
6,-41.91736111111111
1,2.6659722222222224
8,0.021527777777777778
17,0.8708333333333333
4,49.071527777777774
3,-5.6305555555555555
6,-0.2
3,13.352083333333333
6,1.5326388888888889
4,3.95
9,14.25763888888889
5,86.95625
1,0.49236111111111114
4,15.229861111111111
3,-0.68125
6,-0.4548611111111111
1,0.43472222222222223
2,0.013194444444444444
3,2.551388888888889
4,6.652777777777778
6,-6.319444444444445
9,41.142361111111114
6,6.354166666666667
6,12.934027777777779
1,41.65902777777778
17,0.0006944444444444445
4,0.05416666666666667
5,0.9034722222222222
17,52.00763888888889
17,0.03819444444444445
17,93.68541666666667
17,0.08055555555555556
17,111.06736111111111
17,0.07361111111111111
3,5.135416666666667
4,8.646527777777777
6,-8.23263888888889
9,14.1
1,0.9465277777777777
2,0.005555555555555556
3,13.047222222222222
4,33.768055555555556
5,39.27361111111111
6,-72.72291666666666
1,0.3729166666666667
16,0.02361111111111111
3,1.6027777777777779
22,0.36527777777777776
4,20.16875
11,-6.534027777777778
5,8.379861111111111
24,-1.84375
9,0.5638888888888889
6,-20.369444444444444
5,50.269444444444446
1,0.7111111111111111
8,5.814583333333333
3,30.51527777777778
6,2.338888888888889
4,49.34375
9,6.702083333333333
1,0.3284722222222222
6,2.401388888888889
3,0.26944444444444443
3,3.0
6,0.29930555555555555
4,0.10416666666666667
4,0.06458333333333334
5,37.25069444444444
1,0.54375
16,20.000694444444445
1,0.3861111111111111
3,12.654861111111112
6,6.452083333333333
5,29.929166666666667
4,-21.797916666666666
4,8.61111111111111
3,-1.1777777777777778
6,-1.3569444444444445
5,67.35694444444445
6,48.796527777777776
3,5.582638888888889
6,1.4118055555555555
4,20.115277777777777
3,3.6166666666666667
6,0.3034722222222222
4,13.204166666666667
11,11.49236111111111
9,0.7645833333333333
24,0.7284722222222222
5,8.96875
5,34.25833333333333
6,0.9097222222222222
3,0.40902777777777777
4,15.740972222222222
5,17.763194444444444
1,0.31875
4,40.302083333333336
3,-27.57986111111111
5,60.0
6,-60.263194444444444
17,0.8798611111111111
3,43.44097222222222
4,5.6305555555555555
6,-2.111111111111111
1,2.4569444444444444
6,6.304861111111111
3,0.2791666666666667
4,16.452083333333334
1,0.3638888888888889
3,1.6354166666666667
6,1.5208333333333333
4,33.11736111111111
6,16.995833333333334
6,2.725
6,0.01875
15,0.0
4,20.01875
3,-5.428472222222222
6,-0.43819444444444444
6,10.795833333333333
3,12.779861111111112
5,65.0
9,-29.444444444444443
4,-13.084722222222222
16,0.17222222222222222
3,21.434722222222224
5,52.420138888888886
8,-50.80486111111111
4,-0.19444444444444445
9,2.6694444444444443
6,-0.6805555555555556
1,0.6888888888888889
7,0.7583333333333333
6,26.053472222222222
1,0.5777777777777777
6,33.888888888888886
3,2.5743055555555556
4,33.59166666666667
9,3.8201388888888888
1,0.37569444444444444
3,0.6236111111111111
6,0.7340277777777777
5,62.984722222222224
4,-43.17916666666667
1,0.47847222222222224
3,6.5625
5,41.50416666666667
6,-11.003472222222221
9,0.59375
4,-30.49513888888889
1,0.46041666666666664
6,15.250694444444445
3,1.2881944444444444
4,9.43125
6,14.29513888888889
3,1.2173611111111111
4,5.468055555555556
3,0.5409722222222222
6,4.772222222222222
4,28.861805555555556
1,0.43194444444444446
3,5.567361111111111
6,0.43125
4,26.15
1,0.37569444444444444
3,1.6236111111111111
4,17.509722222222223
5,3.95
6,-20.721527777777776
1,0.35138888888888886
3,0.6479166666666667
4,20.669444444444444
6,-14.25763888888889
5,44.30694444444445
1,0.6645833333333333
3,9.334722222222222
6,1.413888888888889
4,13.94375
7,47.18263888888889
9,0.9902777777777778
5,14.188194444444445
4,3.938888888888889
3,-2.623611111111111
5,24.667361111111113
6,-25.219444444444445
1,2.3666666666666667
3,16.632638888888888
8,3.592361111111111
4,22.002083333333335
5,44.12430555555556
6,-66.10347222222222
1,0.40902777777777777
3,38.63194444444444
4,63.5
6,-63.047222222222224
1,0.3125
3,0.6868055555555556
6,1.3083333333333333
4,3.1493055555555554
5,10.92013888888889
1,1.3659722222222221
16,7.209027777777778
1,0.33194444444444443
16,0.2423611111111111
1,0.58125
6,77.12083333333334
6,0.05347222222222222
1,0.30833333333333335
3,1.6909722222222223
6,3.31875
5,66.37291666666667
9,-1.2083333333333333
4,-28.888194444444444
8,54.18194444444445
6,5.064583333333333
2,15.694444444444445
6,5.065277777777778
3,0.5423611111111111
4,0.6006944444444444
3,5.419444444444444
6,14.347916666666666
4,-6.768055555555556
9,7.516666666666667
3,3.6145833333333335
6,3.6256944444444446
4,51.90763888888889
5,28.508333333333333
1,0.36944444444444446
3,5.629861111111111
4,2.3493055555555555
6,-0.8409722222222222
9,14.640277777777778
5,21.51388888888889
1,1.5673611111111112
3,13.431944444444444
6,0.8222222222222222
4,-0.1597222222222222
20,5.940972222222222
6,0.8388888888888889
1,0.3715277777777778
3,1.6277777777777778
4,26.685416666666665
6,-25.40138888888889
5,56.71597222222222
3,0.6395833333333333
4,10.420833333333333
6,-1.7493055555555554
5,29.790277777777778
1,0.4201388888888889
2,0.030555555555555555
4,18.023611111111112
3,-15.475
6,-0.3472222222222222
9,56.822916666666664
1,0.38472222222222224
3,5.614583333333333
4,1.3076388888888888
6,-0.5722222222222222
4,20.791666666666668
3,-6.459027777777778
5,98.04166666666667
6,-98.24930555555555
3,3.5722222222222224
4,58.64375
6,-55.227777777777774
5,58.303472222222226
1,0.5361111111111111
2,0.025
6,17.75625
1,0.6513888888888889
2,0.017361111111111112
6,8.04375
3,0.28680555555555554
4,1.601388888888889
40,2.6118055555555557
1,0.019444444444444445
7,16.803472222222222
2,1.1159722222222221
3,9.322916666666666
4,29.645833333333332
5,32.354166666666664
6,-57.25486111111111
1,1.5263888888888888
4,29.843055555555555
3,-1.3701388888888888
5,74.04166666666667
9,-70.48194444444445
6,-4.120833333333334
1,0.45069444444444445
8,1.9395833333333334
16,3.2
2,0.10486111111111111
3,14.436111111111112
4,2.4625
6,-1.9881944444444444
1,0.5888888888888889
3,41.452083333333334
6,1.4506944444444445
4,53.00625
3,0.6451388888888889
4,31.67152777777778
6,-30.941666666666666
5,47.98888888888889
1,0.5013888888888889
3,20.539583333333333
6,1.4375
4,-0.9152777777777777
9,0.9381944444444444
1,0.32222222222222224
6,3.4277777777777776
3,0.24930555555555556
5,51.69166666666667
4,-1.9013888888888888
3,13.53125
6,0.8173611111111111
4,6.847222222222222
1,0.3076388888888889
4,10.272916666666667
3,-5.58125
5,23.459722222222222
6,-24.15486111111111
3,5.3694444444444445
4,10.414583333333333
5,84.62708333333333
6,-94.53055555555555
3,5.374305555555556
5,82.04166666666667
9,-67.29930555555555
4,-13.35138888888889
6,14.245833333333334
4,19.12152777777778
3,-6.70625
6,-2.6805555555555554
5,46.10347222222222
1,0.5472222222222223
3,14.452083333333333
4,33.58263888888889
6,-27.259027777777778
1,0.6034722222222222
3,13.395833333333334
8,0.5479166666666667
8,1.1104166666666666
6,0.625
4,3.3152777777777778
5,66.82152777777777
1,0.5868055555555556
3,12.4125
6,1.43125
5,63.28680555555555
9,-57.261805555555554
4,-1.854861111111111
17,6.440277777777778
17,72.00138888888888
1,0.0
17,0.020833333333333332
4,1.0263888888888888
5,6.2027777777777775
17,1.68125
17,0.12152777777777778
17,25.041666666666668
17,0.05277777777777778
17,12.833333333333334
17,0.0375
17,86.21736111111112
17,0.7645833333333333
1,0.45416666666666666
6,3.8930555555555557
1,1.5930555555555554
4,21.033333333333335
3,-13.627083333333333
6,-0.5826388888888889
6,13.008333333333333
3,0.5368055555555555
5,65.0
4,-30.263194444444444
1,1.1958333333333333
2,3.2597222222222224
6,4.108333333333333
3,0.4354166666666667
4,11.544444444444444
1,1.3451388888888889
2,0.1597222222222222
6,21.92222222222222
1,0.36736111111111114
4,1.4145833333333333
3,0.21736111111111112
11,0.0
6,4.311805555555556
12,9.41388888888889
5,0.0006944444444444445
4,0.005555555555555556
5,29.727777777777778
1,0.38819444444444445
6,29.197916666666668
1,0.36944444444444446
3,4.6715277777777775
6,1.4701388888888889
5,65.52986111111112
4,-32.46041666666667
1,0.46875
3,18.530555555555555
8,1.35625
4,6.304166666666666
6,-6.303472222222222
9,14.198611111111111
3,15.64236111111111
4,10.449305555555556
5,24.550694444444446
6,-25.70347222222222
2,0.0
6,7.205555555555556
3,10.421527777777778
4,5.4534722222222225
1,0.38125
3,3.6180555555555554
6,2.4868055555555557
5,42.25347222222222
4,-24.022916666666667
6,20.06875
3,19.479166666666668
5,30.677083333333332
4,-22.393055555555556
1,0.4909722222222222
2,0.05277777777777778
6,7.145833333333333
3,7.309722222222222
4,2.7270833333333333
5,73.69444444444444
1,1.3229166666666667
3,3.676388888888889
5,20.702083333333334
6,-17.399305555555557
9,0.4548611111111111
4,-3.189583333333333
7,49.03263888888889
1,0.3506944444444444
3,5.690277777777778
4,1.6298611111111112
6,-1.023611111111111
5,36.77291666666667
3,5.608333333333333
4,29.341666666666665
5,21.080555555555556
6,-49.09861111111111
1,0.4173611111111111
3,5.581944444444445
6,0.3111111111111111
4,11.440277777777778
5,37.96736111111111
1,0.38055555555555554
3,3.61875
4,32.59513888888889
5,22.131944444444443
6,-52.41041666666667
1,3.502083333333333
4,10.157638888888888
3,-2.660416666666667
11,0.0
6,-0.6027777777777777
12,11.297222222222222
4,0.7777777777777778
5,18.52777777777778
5,3.654861111111111
1,1.7069444444444444
16,12.902777777777779
1,0.44375
8,7.945833333333334
3,8.609722222222222
4,25.718055555555555
5,44.32361111111111
6,-64.43055555555556
1,0.7576388888888889
6,14.897916666666667
3,1.34375
4,27.504166666666666
9,5.852777777777778
6,3.047222222222222
3,4.592361111111111
5,30.678472222222222
4,-27.199305555555554
4,33.28125
3,-1.7131944444444445
6,-4.313888888888889
1,2.536111111111111
6,7.842361111111111
6,10.297916666666667
3,9.20138888888889
5,56.65694444444444
4,-29.0625
17,0.5076388888888889
17,19.082638888888887
1,0.0
17,0.017361111111111112
4,1.0659722222222223
1,0.41875
3,5.580555555555556
6,0.5770833333333333
4,21.03472222222222
1,0.33055555555555555
11,0.66875
3,0.0
4,52.55138888888889
6,-49.1875
12,51.31458333333333
5,0.08402777777777778
4,0.7368055555555556
9,19.006944444444443
5,2.2375
1,0.43194444444444446
3,5.567361111111111
6,0.43125
4,26.15
1,0.3263888888888889
3,7.672916666666667
6,0.7368055555555556
4,-0.16944444444444445
9,0.53125
5,20.593055555555555
1,1.1944444444444444
2,0.2826388888888889
6,4.961805555555555
1,1.6854166666666666
4,26.7875
3,-0.4736111111111111
6,-1.4673611111111111
1,0.40625
4,18.05
3,-2.4569444444444444
6,-0.5673611111111111
1,0.37777777777777777
3,3.6215277777777777
4,21.627777777777776
6,-20.318055555555556
1,1.3284722222222223
3,1.6708333333333334
4,7.372222222222222
6,-6.636805555555555
5,42.984722222222224
1,0.5479166666666667
2,0.19305555555555556
3,15.258333333333333
6,5.410416666666666
4,8.004166666666666
1,0.4305555555555556
2,0.02013888888888889
3,12.54861111111111
6,1.4472222222222222
4,33.329861111111114
5,39.264583333333334
40,0.47708333333333336
1,0.0020833333333333333
4,36.21944444444444
3,-1.6993055555555556
6,-4.353472222222222
8,3.4694444444444446
6,4.527777777777778
3,0.66875
5,57.72013888888889
4,-15.022222222222222
1,0.3388888888888889
3,0.6604166666666667
4,18.648611111111112
6,-17.920833333333334
5,47.990972222222226
1,1.3402777777777777
3,23.659027777777776
6,0.7340277777777777
5,42.00555555555555
4,-24.094444444444445
4,15.118055555555555
3,-1.5444444444444445
6,-0.2791666666666667
1,0.5326388888888889
2,0.175
6,13.610416666666667
1,0.37222222222222223
3,3.66875
6,0.7305555555555555
5,29.947222222222223
4,-27.416666666666668
1,0.7152777777777778
2,0.0
6,1.0923611111111111
3,5.506944444444445
5,96.04166666666667
4,-91.48055555555555
1,0.33611111111111114
3,0.6631944444444444
4,1.3340277777777778
5,7.04375
6,-7.115277777777778
1,0.4083333333333333
3,23.632638888888888
6,2.6465277777777776
4,2.7625
5,43.59097222222222
3,8.529166666666667
6,8.472222222222221
4,13.057638888888889
1,0.3659722222222222
3,0.6333333333333333
4,26.670833333333334
5,28.020833333333332
6,-49.303472222222226
1,0.7020833333333333
3,14.338888888888889
6,0.4951388888888889
4,28.12986111111111
5,37.375
2,0.0
6,9.042361111111111
3,8.536111111111111
4,9.550694444444444
9,2.785416666666667
3,13.572916666666666
4,1.5722222222222222
6,5.2131944444444445
9,0.30833333333333335
1,2.68125
3,12.318055555555556
4,39.62222222222222
6,-39.24861111111111
6,0.0
6,0.0
6,0.0
6,0.0
6,0.0
15,0.0
15,0.0
15,0.0
15,0.0
15,0.0
6,0.0006944444444444445
6,0.0
15,0.0
15,0.0
15,0.0
15,0.0
15,0.0
15,0.0
15,0.0
15,0.0
15,0.0
15,0.0
15,0.0
15,0.0
15,0.0
6,0.0006944444444444445
6,0.0
15,0.0
15,0.0
15,0.0
15,0.0
15,0.0
15,0.0
15,0.0
15,0.0
15,0.0
15,0.0
15,0.0
15,0.0
15,0.0
15,0.0
15,0.0
15,0.0
15,0.0
15,0.0
15,0.0
6,0.0006944444444444445
15,0.0
15,0.0
15,0.0
1,0.2013888888888889
2,0.2611111111111111
6,4.892361111111111
3,5.644444444444445
4,0.42430555555555555
5,101.61736111111111
1,0.725
3,63.31597222222222
6,0.4840277777777778
4,2.167361111111111
9,41.824305555555554
1,0.37777777777777777
3,1.6215277777777777
6,1.38125
5,49.25
9,-2.4965277777777777
4,-35.75555555555555
1,5.488888888888889
3,28.510416666666668
4,9.336805555555555
6,7.325
9,0.4152777777777778
1,0.3638888888888889
3,1.6354166666666667
4,34.638194444444444
6,-33.235416666666666
2,0.05277777777777778
3,2.410416666666667
6,4.382638888888889
5,46.03819444444444
4,-21.738888888888887
6,8.928472222222222
3,1.4583333333333333
4,4.604861111111111
1,0.5493055555555556
8,18.10902777777778
4,56.95
3,-27.56736111111111
8,1.5020833333333334
13,0.0
6,0.0020833333333333333
6,-1.8618055555555555
4,27.988194444444446
6,26.12638888888889
1,0.6631944444444444
2,15.056944444444444
6,40.64375
1,0.33194444444444443
4,5.050694444444445
3,-1.3833333333333333
5,23.574305555555554
6,-23.844444444444445
1,0.44166666666666665
2,0.01875
6,2.127083333333333
3,0.41180555555555554
6,0.3194444444444444
3,0.6805555555555556
6,0.3159722222222222
5,90.38125
4,-86.00833333333334
4,0.027083333333333334
4,-0.05694444444444444
16,0.20694444444444443
1,0.5631944444444444
3,4.436111111111111
6,0.37569444444444444
4,0.020833333333333332
5,37.32222222222222
16,39.99375
3,11.347222222222221
4,4.386805555555555
6,-1.9277777777777778
5,32.54097222222222
1,0.37430555555555556
3,1.625
4,3.4520833333333334
5,10.926388888888889
6,-13.647222222222222
1,0.7159722222222222
2,0.013888888888888888
6,41.85208333333333
4,36.827083333333334
3,-23.20277777777778
6,-6.545138888888889
3,3.5722222222222224
4,58.64375
6,-55.3
5,58.37569444444444
1,0.5569444444444445
6,17.05902777777778
1,0.41805555555555557
3,1.58125
4,6.534722222222222
5,57.12777777777778
9,-3.317361111111111
6,-54.647222222222226
1,1.4069444444444446
2,0.05416666666666667
6,7.013194444444444
3,0.525
5,62.71944444444444
9,-0.2013888888888889
4,-61.925
1,1.382638888888889
3,1.6166666666666667
6,1.7243055555555555
4,18.729861111111113
1,0.3951388888888889
2,0.007638888888888889
3,11.596527777777778
6,1.5583333333333333
5,71.48333333333333
4,-38.386805555555554
3,2.5965277777777778
6,5.626388888888889
5,72.41527777777777
4,-32.27430555555556
3,8.619444444444444
6,2.442361111111111
4,7.9944444444444445
5,9.21111111111111
1,0.4576388888888889
6,48.047916666666666
3,0.5354166666666667
4,21.591666666666665
1,0.55
2,0.03125
6,6.99375
3,0.42430555555555555
4,23.711805555555557
5,48.00763888888889
3,2.5791666666666666
6,5.561805555555556
4,1.025
15,0.0
15,0.0
15,0.0
15,0.0
15,0.0
15,0.0
15,0.0
15,0.0006944444444444445
15,0.0
15,0.0
15,0.0
15,0.0
15,0.0
6,0.0
15,0.0006944444444444445
15,0.0
15,0.0
15,0.0
15,0.0
15,0.0
15,0.0
15,0.0
15,0.0
15,0.0
15,0.0
15,0.0
6,0.0
1,0.44583333333333336
3,16.553472222222222
4,45.53194444444444
5,46.50972222222222
6,-86.65694444444445
1,0.3333333333333333
3,3.6659722222222224
5,23.702083333333334
6,-17.39027777777778
9,0.44583333333333336
4,-3.1333333333333333
1,0.36736111111111114
5,51.35069444444444
3,-49.71875
6,0.7326388888888888
9,0.3680555555555556
4,-1.3402777777777777
1,0.4409722222222222
3,7.558333333333334
4,13.690972222222221
6,-13.304166666666667
5,36.07361111111111
1,0.4388888888888889
3,35.56041666666667
6,2.620138888888889
4,2.1125
1,0.4215277777777778
2,0.07152777777777777
8,7.1625
6,3.8826388888888888
3,0.5027777777777778
13,1.5805555555555555
4,0.03263888888888889
13,27.975694444444443
6,27.08888888888889
3,0.32222222222222224
9,0.4756944444444444
4,5.016666666666667
1,0.42986111111111114
6,4.9875
3,1.5819444444444444
4,0.20694444444444443
1,0.3659722222222222
3,7.633333333333334
6,2.515277777777778
4,0.9076388888888889
2,0.25972222222222224
6,18.03263888888889
3,0.3034722222222222
4,1.4673611111111111
1,0.33125
3,2.6680555555555556
4,4.511111111111111
5,17.948611111111113
6,-21.72222222222222
1,0.575
6,19.844444444444445
3,0.6215277777777778
11,16.0
4,19.66111111111111
24,24.979861111111113
1,0.49375
2,0.11180555555555556
3,12.39375
6,1.3256944444444445
4,21.309722222222224
5,48.08402777777778
1,0.5256944444444445
17,0.043055555555555555
2,0.016666666666666666
6,7.063888888888889
3,1.35
5,84.42152777777778
4,-79.04027777777777
1,0.7868055555555555
8,46.7375
4,44.15902777777778
3,-27.64236111111111
7,2.6416666666666666
6,-14.335416666666667
1,2.5631944444444446
6,14.006944444444445
1,0.32013888888888886
3,3.6791666666666667
4,2.295138888888889
5,43.704861111111114
6,-44.697916666666664
3,79.54652777777778
4,19.429166666666667
1,0.42777777777777776
2,0.02361111111111111
16,16.081944444444446
1,0.3701388888888889
3,3.629166666666667
6,1.7361111111111112
4,29.99513888888889
5,20.691666666666666
1,0.17569444444444443
2,9.282638888888888
16,0.2902777777777778
2,0.0
6,9.115277777777777
3,7.534027777777778
4,10.572916666666666
1,0.37083333333333335
3,2.6284722222222223
4,34.61388888888889
6,-33.87708333333333
5,54.982638888888886
1,0.38333333333333336
3,0.6159722222222223
6,0.7409722222222223
5,73.30069444444445
4,-64.53888888888889
4,8.275
15,-8.175694444444444
3,6.4375
5,28.678472222222222
6,-35.115972222222226
1,0.33125
4,34.134027777777774
3,-30.465972222222224
5,54.65486111111111
6,-54.922916666666666
1,3.475
3,21.524305555555557
6,4.632638888888889
4,24.0375
9,20.8875
5,0.8631944444444445
1,0.37569444444444444
3,4.623611111111111
4,38.49513888888889
6,-37.92986111111111
1,0.3368055555555556
3,0.6625
6,2.7256944444444446
5,45.69722222222222
4,-21.61875
1,0.7958333333333333
1,0.42916666666666664
3,38.611805555555556
6,1.5166666666666666
7,8.01388888888889
5,57.46944444444444
4,-37.34722222222222
1,0.6479166666666667
6,13.181944444444444
3,0.16944444444444445
4,1.4555555555555555
1,0.5569444444444445
1,0.8493055555555555
6,8.651388888888889
3,0.5402777777777777
4,1.698611111111111
9,3.404166666666667
1,0.21458333333333332
15,0.0
15,0.0
15,0.0006944444444444445
15,0.0
15,0.0
15,0.0
15,0.0
15,0.0
15,0.0
15,0.0
15,0.0
15,0.0
15,0.0
15,0.0
15,0.0
15,0.0
15,0.0
15,0.0
15,0.0
15,0.0
15,0.0
15,0.0
6,0.0
6,0.0
15,0.0006944444444444445
15,0.0
15,0.0
15,0.0
15,0.0
15,0.0
15,0.0
15,0.0
15,0.0
15,0.0
15,0.0
15,0.0
15,0.0
15,0.0
15,0.0
15,0.0
15,0.0
6,0.0
6,0.0
15,0.0006944444444444445
15,0.0
15,0.0
6,0.0
6,49.86388888888889
3,8.713194444444444
6,4.342361111111111
5,66.31458333333333
4,-28.1125
1,0.19236111111111112
3,1.8069444444444445
4,65.49930555555555
6,-63.075
1,0.3326388888888889
6,4.985416666666667
3,0.68125
5,56.74027777777778
4,-31.116666666666667
1,0.33055555555555555
3,2.66875
4,14.550694444444444
6,-13.82013888888889
6,5.154166666666667
1,5.481944444444444
4,35.071527777777774
3,-16.5125
5,37.38055555555555
6,-37.83402777777778
17,23.638194444444444
1,0.0
17,0.04791666666666667
1,0.4951388888888889
6,8.049305555555556
3,15.45486111111111
5,62.71805555555556
4,-62.30694444444445
6,0.0006944444444444445
1,0.3840277777777778
3,5.615277777777778
4,16.693055555555556
6,-15.28125
5,79.62986111111111
1,0.5951388888888889
6,59.892361111111114
8,7.1875
1,2.5868055555555554
6,1.1423611111111112
5,50.96180555555556
4,-24.004166666666666
1,0.3298611111111111
3,0.6694444444444444
4,15.676388888888889
5,35.32361111111111
6,-49.670138888888886
1,53.634027777777774
17,0.015277777777777777
4,3.8381944444444445
1,0.6013888888888889
3,12.439583333333333
6,0.48194444444444445
5,59.518055555555556
9,-28.47013888888889
4,-0.2423611111111111
1,0.2423611111111111
3,16.756944444444443
4,10.509027777777778
6,-5.80625
5,91.99444444444444
1,0.41041666666666665
2,0.16597222222222222
3,10.422916666666667
4,24.74861111111111
6,-21.98125
6,0.0
6,0.0
6,0.0
6,0.0
5,53.232638888888886
1,0.40694444444444444
3,4.592361111111111
6,2.6152777777777776
4,59.87569444444444
1,0.36944444444444446
3,13.629861111111111
6,0.6375
6,0.002777777777777778
6,0.002777777777777778
6,0.002777777777777778
6,0.002777777777777778
6,0.6576388888888889
6,0.005555555555555556
6,0.002777777777777778
6,0.002777777777777778
6,0.002777777777777778
4,21.997222222222224
5,34.33819444444445
4,29.26527777777778
3,-25.747222222222224
6,-0.41597222222222224
5,91.4576388888889
1,0.6409722222222223
16,19.85902777777778
22,2.1180555555555554
4,6.872222222222222
3,-0.4909722222222222
6,-1.5027777777777778
5,52.22152777777778
1,1.1958333333333333
2,0.26180555555555557
4,19.191666666666666
3,-6.65
6,-0.6368055555555555
6,8.133333333333333
3,10.365972222222222
4,11.366666666666667
4,17.0625
3,-5.55
6,-1.4979166666666666
6,34.2375
2,0.2
3,20.34513888888889
4,6.51875
6,-4.809722222222222
1,0.31180555555555556
6,3.4618055555555554
3,0.2673611111111111
5,44.59027777777778
4,-2.9409722222222223
6,20.075694444444444
1,1.31875
3,2.6805555555555554
4,4.439583333333333
5,3.941666666666667
6,-7.636805555555555
1,1.2534722222222223
2,0.1701388888888889
4,38.21527777777778
3,-3.6395833333333334
6,-13.534027777777778
4,20.570138888888888
3,-14.311805555555555
6,-0.3333333333333333
6,2.9784722222222224
3,0.6479166666666667
5,43.0
4,-38.74236111111111
40,0.56875
1,0.059027777777777776
4,25.82638888888889
3,-18.45486111111111
6,-0.5215277777777778
6,21.146527777777777
1,0.3861111111111111
3,6.613194444444445
6,3.35
4,-2.6659722222222224
9,3.4159722222222224
5,97.94166666666666
1,0.4583333333333333
3,13.540972222222223
6,0.4236111111111111
4,5.222916666666666
5,44.00972222222222
1,1.3256944444444445
3,0.6736111111111112
6,2.3743055555555554
4,-0.8548611111111111
1,1.38125
3,2.6180555555555554
4,1.5020833333333334
6,3.11875
9,9.475694444444445
5,22.903472222222224
1,1.4659722222222222
3,1.575
6,0.5652777777777778
5,36.81388888888889
4,-35.75277777777778
1,0.5854166666666667
2,0.06388888888888888
4,31.935416666666665
3,-25.585416666666667
6,-0.34652777777777777
1,0.30833333333333335
3,1.6909722222222223
4,39.59513888888889
6,-36.27638888888889
9,65.16458333333334
5,1.2083333333333333
6,14.085416666666667
3,0.4625
4,27.41111111111111
1,0.4131944444444444
3,23.627777777777776
4,5.346527777777778
5,43.65347222222222
6,-46.35347222222222
1,32.576388888888886
4,17.954166666666666
3,-4.666666666666667
5,63.71944444444444
6,-66.03888888888889
1,0.4270833333333333
2,0.05486111111111111
6,21.241666666666667
3,0.27569444444444446
4,3.464583333333333
9,74.17013888888889
5,13.081944444444444
1,0.7194444444444444
6,8.860416666666667
3,3.4194444444444443
5,72.71944444444445
4,-70.27291666666666
21,30.975
16,0.02013888888888889
1,0.3840277777777778
3,2.6152777777777776
4,1.6916666666666667
6,-1.08125
3,0.61875
4,21.601388888888888
6,-20.869444444444444
1,0.3347222222222222
3,1.6645833333333333
4,33.553472222222226
6,-32.822916666666664
5,49.69097222222222
1,0.3659722222222222
3,1.6333333333333333
4,19.48263888888889
5,24.51736111111111
6,-43.25486111111111
1,0.7256944444444444
6,44.71180555555556
1,0.64375
3,20.355555555555554
4,4.544444444444444
6,-4.097222222222222
3,8.52361111111111
4,1.56875
6,-0.6923611111111111
1,0.36736111111111114
3,1.6319444444444444
6,0.73125
4,27.745833333333334
1,0.49722222222222223
8,1.898611111111111
6,9.543055555555556
1,0.36666666666666664
3,1.632638888888889
4,10.608333333333333
6,-6.289583333333334
5,80.72291666666666
20,0.5298611111111111
1,0.31875
4,52.11736111111111
3,-48.43680555555556
5,58.65694444444444
6,-58.925694444444446
1,1.7048611111111112
6,8.86875
3,2.4256944444444444
4,4.595138888888889
1,0.19236111111111112
2,0.5333333333333333
6,3.696527777777778
3,0.5770833333333333
4,8.431944444444444
6,0.0
6,0.0
6,0.0
15,0.0
15,0.0
15,0.0
1,0.5180555555555556
6,13.029166666666667
3,0.45208333333333334
4,2.4805555555555556
1,0.26875
3,3.7305555555555556
13,2.5444444444444443
4,14.059027777777779
11,1.3965277777777778
12,15.683333333333334
9,0.4048611111111111
1,0.5486111111111112
4,17.170833333333334
3,-1.6784722222222221
6,-0.3645833333333333
1,0.3798611111111111
3,1.6194444444444445
4,5.729166666666667
5,20.9625
9,-0.9354166666666667
6,-22.177083333333332
1,0.4527777777777778
3,15.546527777777778
8,3.3180555555555555
6,0.002777777777777778
4,7.2347222222222225
1,0.6645833333333333
1,0.3111111111111111
3,3.6881944444444446
4,37.68333333333333
6,-35.37430555555556
9,41.395833333333336
1,0.3229166666666667
4,3.0618055555555554
3,-0.3854166666666667
5,20.65486111111111
6,-21.927777777777777
1,0.17847222222222223
2,0.22569444444444445
4,12.970833333333333
3,-8.375694444444445
6,-0.6534722222222222
1,2.4631944444444445
6,40.011805555555554
1,0.36944444444444446
6,3.022222222222222
3,-1.3923611111111112
4,-0.23680555555555555
9,15.33611111111111
5,41.61944444444445
1,0.37916666666666665
3,6.6618055555555555
4,41.50763888888889
5,25.492361111111112
6,-65.67222222222222
6,7.054861111111111
3,2.5368055555555555
5,63.72013888888889
4,-43.1125
1,0.3576388888888889
3,0.6416666666666667
6,1.4305555555555556
5,56.26111111111111
9,-1.5569444444444445
4,-29.395138888888887
1,0.6326388888888889
4,70.80972222222222
3,-49.44305555555555
6,-0.43125
9,51.106944444444444
1,0.4395833333333333
3,2.5597222222222222
6,6.472916666666666
4,20.21875
5,22.729861111111113
1,0.6034722222222222
3,9.395833333333334
6,0.41180555555555554
4,12.211805555555555
1,0.35347222222222224
4,1.3770833333333334
3,0.26875
6,1.4416666666666667
9,26.014583333333334
5,23.00347222222222
1,0.5180555555555556
6,13.029166666666667
3,0.45208333333333334
4,2.4805555555555556
1,0.6298611111111111
2,0.044444444444444446
6,12.834027777777777
1,0.33055555555555555
7,0.12291666666666666
3,0.5458333333333333
11,0.0
6,3.363888888888889
5,51.39861111111111
12,-0.08402777777777778
4,-2.127083333333333
4,2.9479166666666665
9,19.006944444444443
5,2.2375
1,0.3854166666666667
2,0.0625
4,17.988888888888887
3,-13.4375
6,-0.29930555555555555
9,36.775
6,8.052777777777777
3,6.530555555555556
4,14.417361111111111
1,0.1840277777777778
2,0.23472222222222222
6,1.9548611111111112
3,0.6256944444444444
4,0.39861111111111114
5,120.64305555555555
4,41.22638888888889
3,-1.7291666666666667
6,-10.395833333333334
1,0.31666666666666665
3,3.682638888888889
6,1.3291666666666666
3,5.670833333333333
6,1.2930555555555556
4,15.963194444444444
4,10.475694444444445
5,23.92222222222222
5,0.0020833333333333333
1,0.3951388888888889
3,20.604166666666668
6,2.372916666666667
4,-1.8854166666666667
9,2.602777777777778
3,20.520138888888887
4,34.577083333333334
5,28.079166666666666
6,-58.10347222222222
1,0.6305555555555555
8,9.740972222222222
6,12.34375
6,5.95
1,0.7180555555555556
2,0.004166666666666667
4,61.923611111111114
3,-48.64652777777778
5,93.71736111111112
9,-10.327777777777778
6,-83.6673611111111
6,21.020833333333332
8,74.17777777777778
3,0.5229166666666667
6,0.4673611111111111
4,22.165277777777778
1,0.3472222222222222
3,1.6520833333333333
6,1.7305555555555556
4,16.803472222222222
5,17.845833333333335
2,0.2
3,20.34513888888889
4,6.51875
6,-4.809722222222222
16,0.8236111111111111
17,0.0
3,1.6006944444444444
4,4.394444444444445
5,27.272916666666667
6,-29.393055555555556
3,15.913194444444445
6,3.446527777777778
4,2.1458333333333335
1,0.4625
8,1.0916666666666666
3,14.44513888888889
8,3.4618055555555554
4,2.1326388888888888
6,-1.1916666666666667
9,20.009027777777778
1,2.7083333333333335
6,29.605555555555554
1,0.1909722222222222
2,0.2701388888888889
3,29.538194444444443
6,0.3215277777777778
4,2.3229166666666665
9,55.99027777777778
5,13.081944444444444
1,0.18194444444444444
2,0.2652777777777778
4,8.001388888888888
3,-2.4493055555555556
6,-0.5173611111111112
1,0.3416666666666667
8,1.3347222222222221
6,8.053472222222222
3,0.26944444444444443
4,0.3958333333333333
5,36.06388888888889
1,0.3333333333333333
3,2.6659722222222224
6,4.299305555555556
5,45.12083333333333
4,-22.67361111111111
4,35.99861111111111
5,38.02152777777778
3,-62.422222222222224
6,-0.48333333333333334
6,0.002777777777777778
3,7.354166666666667
6,2.3430555555555554
4,42.2
5,46.49861111111111
1,9.643055555555556
4,17.002777777777776
3,-14.646527777777777
6,-0.5027777777777778
1,0.4652777777777778
6,7.020833333333333
1,0.3333333333333333
4,29.245833333333334
3,-23.57986111111111
6,-0.2673611111111111
5,51.00694444444444
8,1.0298611111111111
8,0.0006944444444444445
3,6.506944444444445
4,16.333333333333332
5,42.385416666666664
6,-56.38125
1,0.4951388888888889
3,20.545833333333334
6,0.4840277777777778
5,62.171527777777776
4,-28.061805555555555
1,0.3625
7,8.278472222222222
6,6.667361111111111
16,1.1277777777777778
2,0.0
4,10.029166666666667
3,-5.402777777777778
6,-3.5118055555555556
1,0.48680555555555555
6,15.011805555555556
3,9.500694444444445
4,4.652083333333334
1,0.5520833333333334
6,21.263194444444444
3,0.1840277777777778
6,6.779861111111111
3,0.22013888888888888
5,76.6986111111111
4,-35.05902777777778
4,-6.915277777777778
1,0.4395833333333333
3,2.5597222222222222
6,6.472916666666666
4,20.21875
5,22.729861111111113
1,0.34305555555555556
3,1.65625
6,1.7277777777777779
5,41.011805555555554
4,-24.104861111111113
1,0.42083333333333334
2,0.3125
3,1.2659722222222223
6,0.3298611111111111
5,69.38958333333333
9,-0.2013888888888889
4,-58.13263888888889
1,1.3875
2,0.010416666666666666
4,15.05625
3,-9.45486111111111
6,-0.33819444444444446
5,87.03541666666666
1,1.35
3,0.6493055555555556
6,1.3840277777777779
5,86.65763888888888
4,-64.29652777777778
1,0.4076388888888889
3,7.591666666666667
6,0.6993055555555555
5,43.72291666666667
4,-35.99444444444445
17,0.9215277777777777
7,27.8
1,0.36944444444444446
7,3.967361111111111
3,7.6625
8,2.407638888888889
4,22.89027777777778
3,-14.297916666666667
8,0.3548611111111111
13,0.0
5,43.300694444444446
6,-51.92916666666667
4,37.97361111111111
6,-28.965972222222224
3,11.613888888888889
6,1.4659722222222222
5,71.19097222222223
4,-65.96736111111112
1,0.4076388888888889
3,10.633333333333333
6,6.50625
4,-4.86875
9,5.465277777777778
1,0.3541666666666667
3,1.645138888888889
6,0.7354166666666667
4,19.939583333333335
5,29.785416666666666
6,26.935416666666665
3,3.6125
4,5.489583333333333
1,0.3951388888888889
3,20.604166666666668
6,2.372916666666667
4,-1.8854166666666667
9,2.602777777777778
1,0.6958333333333333
6,27.789583333333333
15,0.0
15,0.0
15,0.0
15,0.0
15,0.0
15,0.0
15,0.0
15,0.0
15,0.0
15,0.0
6,0.0
1,0.41388888888888886
2,0.03680555555555556
3,3.548611111111111
6,0.3173611111111111
3,0.6826388888888889
6,0.3125
4,2.1618055555555555
4,0.05694444444444444
9,74.10347222222222
5,13.081944444444444
16,0.04236111111111111
1,0.5888888888888889
6,7.9631944444444445
3,2.4472222222222224
5,70.04166666666667
4,-67.52638888888889
3,18.530555555555555
4,7.660416666666666
6,-6.852777777777778
9,14.747916666666667
1,1.6208333333333333
17,0.017361111111111112
4,3.68125
3,1.5152777777777777
4,33.644444444444446
5,38.397222222222226
6,-71.64236111111111
1,0.38472222222222224
3,23.614583333333332
6,2.48125
4,2.2125
1,0.37083333333333335
4,15.374305555555555
3,-6.745833333333334
6,-0.26458333333333334
3,26.20347222222222
6,2.4583333333333335
4,7.020138888888889
9,3.0104166666666665
1,0.7090277777777778
1,0.45416666666666666
8,0.08888888888888889
3,16.45625
4,38.425
6,-37.87916666666667
5,84.49583333333334
4,32.89861111111111
3,-16.448611111111113
6,-0.5201388888888889
3,4.639583333333333
4,35.576388888888886
5,44.143055555555556
6,-79.20208333333333
4,21.256944444444443
3,-1.7381944444444444
6,-0.45416666666666666
3,4.355555555555555
4,44.451388888888886
5,14.26875
3,-36.72013888888889
6,2.53125
6,-23.131944444444443
4,49.13263888888889
6,-49.015972222222224
5,57.204166666666666
3,0.5534722222222223
4,21.602083333333333
6,-21.044444444444444
5,76.16180555555556
1,0.5902777777777778
1,0.5298611111111111
3,21.469444444444445
4,31.783333333333335
6,-29.216666666666665
5,56.15277777777778
1,1.4194444444444445
4,25.198611111111113
3,-15.61875
6,-0.39305555555555555
3,11.47638888888889
6,2.466666666666667
4,15.127083333333333
5,17.910416666666666
1,0.4798611111111111
16,49.204861111111114
6,0.0
6,0.0
6,0.0
6,0.0
6,0.0
6,0.0
6,0.0
6,0.0
15,0.0
15,0.0
15,0.0
15,0.0
15,0.0
15,0.0
15,0.0
15,0.0
2,0.8784722222222222
3,14.631944444444445
6,0.47430555555555554
4,42.890277777777776
1,0.7868055555555555
8,46.7375
6,4.822916666666667
3,11.69375
7,2.6416666666666666
4,25.000694444444445
6,0.0
6,0.0
6,0.0
6,0.0
6,0.0
6,0.0
6,0.0
15,0.0
15,0.0
15,0.0
15,0.0
15,0.0
15,0.0
15,0.0
6,0.0006944444444444445
6,0.0
6,0.0
6,0.0
6,0.0
6,0.0
6,0.0
6,0.0
6,0.0
6,0.0
6,0.0
6,0.0
6,0.0
6,0.0
6,0.0
6,0.0
6,0.0
6,0.0
6,0.0
6,0.0
6,0.0
6,0.0
6,0.0
15,0.0
15,0.0
15,0.0
15,0.0
15,0.0
15,0.0
15,0.0
15,0.0
15,0.0
15,0.0
15,0.0
15,0.0
15,0.0
15,0.0
15,0.0
15,0.0
15,0.0
15,0.0
15,0.0
15,0.0
15,0.0
15,0.0
15,0.0
6,0.0006944444444444445
6,0.0
6,0.0
6,0.0
6,0.0
6,0.0
6,0.0
6,0.0
6,0.0
6,0.0
6,0.0
6,0.0
6,0.0
6,0.0
6,0.0
6,0.0
6,0.0
6,0.0
6,0.0
15,0.0
15,0.0
15,0.0
15,0.0
15,0.0
15,0.0
15,0.0
15,0.0
15,0.0
15,0.0
15,0.0
15,0.0
15,0.0
15,0.0
15,0.0
15,0.0
15,0.0
15,0.0
15,0.0
6,0.0006944444444444445
6,0.0
6,0.0
6,0.0
6,0.0
6,0.0
6,0.0
6,0.0
6,0.0
6,0.0
6,0.0
6,0.0
6,0.0
6,0.0
6,0.0
6,0.0
6,0.0
6,0.0
6,0.0
15,0.0
15,0.0
15,0.0
15,0.0
15,0.0
15,0.0
15,0.0
15,0.0
15,0.0
15,0.0
15,0.0
15,0.0
15,0.0
15,0.0
15,0.0
15,0.0
15,0.0
15,0.0
15,0.0
6,0.0006944444444444445
6,0.0
6,0.0
6,0.0
6,0.0
6,0.0
6,0.0
6,0.0
6,0.0
6,0.0
6,0.0
15,0.0
15,0.0
15,0.0
15,0.0
15,0.0
15,0.0
15,0.0
15,0.0
15,0.0
15,0.0
15,0.0
6,0.0006944444444444445
6,0.0
6,0.0
6,0.0
6,0.0
6,0.0
6,0.0
6,0.0
6,0.0
6,0.0
6,0.0
6,0.0
6,0.0
6,0.0
15,0.0
15,0.0
15,0.0
15,0.0
15,0.0
15,0.0
15,0.0
15,0.0
15,0.0
15,0.0
15,0.0
15,0.0
15,0.0
15,0.0
6,0.0006944444444444445
6,0.0
15,0.0
15,0.0
3,24.052083333333332
4,3.6333333333333333
5,63.79097222222222
6,1.7743055555555556
1,0.5458333333333333
6,95.88958333333333
1,0.4076388888888889
7,0.15069444444444444
4,49.13611111111111
3,-34.69513888888889
6,-0.5736111111111111
1,0.19236111111111112
7,0.42430555555555555
2,0.9319444444444445
4,14.034027777777778
3,-1.5416666666666667
6,-0.6111111111111112
3,2.3680555555555554
4,5.492361111111111
5,56.227777777777774
9,-49.96180555555556
6,-9.275
1,0.3215277777777778
3,4.677777777777778
4,23.72013888888889
6,-22.989583333333332
5,50.009027777777774
19,4.7243055555555555
17,0.004861111111111111
3,12.486805555555556
6,0.4486111111111111
4,14.161111111111111
1,0.6597222222222222
2,0.024305555555555556
6,10.947222222222223
3,0.3680555555555556
5,88.04166666666667
4,-67.44375
1,0.38125
3,4.618055555555555
4,35.62708333333333
6,-34.09791666666667
1,0.45902777777777776
3,5.540277777777778
5,23.727083333333333
6,-16.37638888888889
9,0.7486111111111111
4,-6.473611111111111
1,0.36736111111111114
3,4.631944444444445
4,22.477083333333333
6,-20.073611111111113
9,27.696527777777778
5,35.55486111111111
6,7.970833333333333
3,0.32708333333333334
5,50.420833333333334
4,-43.78819444444444
1,1.35625
3,2.6430555555555557
6,1.7243055555555555
4,3.685416666666667
1,0.7104166666666667
2,0.6875
4,32.15902777777778
3,-27.55763888888889
6,-0.37569444444444444
1,0.4395833333333333
6,20.069444444444443
1,0.21666666666666667
2,0.2590277777777778
3,5.523611111111111
6,0.32083333333333336
4,7.15
1,16.403472222222224
6,6.274305555555555
4,11.8
5,17.98263888888889
3,79.54652777777778
4,19.429166666666667
1,0.3
6,4.011805555555555
3,0.6875
4,1.6298611111111112
5,22.09722222222222
1,3.4569444444444444
3,15.542361111111111
6,2.420138888888889
4,29.311805555555555
9,2.0284722222222222
5,20.902083333333334
1,0.35555555555555557
3,3.64375
6,2.436111111111111
5,52.984027777777776
9,-36.27152777777778
4,-9.53888888888889
1,0.3993055555555556
6,9.069444444444445
13,0.004861111111111111
3,35.51111111111111
8,1.4784722222222222
6,1.3895833333333334
4,14.721527777777778
5,20.788888888888888
1,0.4701388888888889
6,31.82847222222222
6,3.33125
3,6.307638888888889
5,43.46180555555556
4,-35.95
1,3.645138888888889
6,12.819444444444445
3,0.5347222222222222
4,23.747916666666665
5,47.97222222222222
1,0.6854166666666667
6,10.874305555555555
3,3.439583333333333
4,52.704861111111114
5,46.33680555555556
1,0.5034722222222222
6,18.06388888888889
1,2.5729166666666665
4,16.04652777777778
9,14.13888888888889
5,14.917361111111111
1,0.45694444444444443
8,44.96388888888889
3,1.6201388888888888
4,13.39236111111111
6,-8.05486111111111
9,9.421527777777778
5,19.74513888888889
1,0.8666666666666667
3,8.13263888888889
4,3.6104166666666666
6,-1.1152777777777778
9,30.980555555555554
1,0.38680555555555557
3,8.6125
4,1.6277777777777778
6,6.784027777777778
9,0.6770833333333334
1,0.44583333333333336
3,29.553472222222222
6,7.58125
4,-5.896527777777778
9,6.479166666666667
5,13.527777777777779
3,0.5965277777777778
4,92.30625
7,-8.724305555555556
5,10.05
6,-85.16180555555556
3,1.5916666666666666
6,4.472916666666666
4,28.184722222222224
5,51.06180555555556
1,0.3715277777777778
3,1.6277777777777778
4,26.483333333333334
5,72.21527777777777
6,-97.96458333333334
6,0.0
9,94.71944444444445
6,-94.71944444444445
17,0.9215277777777777
7,27.8
1,0.6854166666666667
6,47.00763888888889
3,2.347916666666667
4,63.63125
1,0.4111111111111111
8,68.99375
1,0.48055555555555557
15,0.0
15,0.0
6,0.0
1,0.3715277777777778
3,1.6277777777777778
4,3.428472222222222
6,-2.6979166666666665
5,26.925
1,0.48125
8,7.969444444444444
6,0.16319444444444445
4,22.041666666666668
3,-11.459027777777777
6,-7.585416666666666
1,2.4583333333333335
16,0.9555555555555556
22,0.001388888888888889
6,14.063888888888888
3,0.5201388888888889
4,4.716666666666667
1,0.43472222222222223
2,0.025694444444444443
4,91.05694444444444
3,-85.51805555555555
5,85.65347222222222
6,-86.99930555555555
6,26.93263888888889
3,3.6152777777777776
4,5.489583333333333
1,0.3506944444444444
3,1.648611111111111
4,33.64930555555556
5,21.070138888888888
9,-20.261805555555554
6,-30.725694444444443
1,1.3798611111111112
6,1.3923611111111112
4,-0.06736111111111111
3,0.33611111111111114
9,0.10208333333333333
5,37.27916666666667
6,7.871527777777778
3,0.6520833333333333
4,1.5763888888888888
7,3.089583333333333
3,0.5
6,1.5020833333333334
4,1.2395833333333333
5,55.99861111111111
15,0.0
15,0.0
15,0.0
15,0.0
15,0.0
15,0.0
15,0.0
15,0.0
15,0.0
15,0.0
6,0.0
15,0.0006944444444444445
15,0.0
15,0.0
15,0.0
15,0.0
6,0.0
15,0.0006944444444444445
15,0.0
15,0.0
15,0.0
15,0.0
15,0.0
15,0.0
15,0.0
15,0.0
6,0.0
1,0.48680555555555555
16,1.117361111111111
1,0.32013888888888886
3,0.6791666666666667
6,1.3118055555555554
5,20.30902777777778
4,-10.091666666666667
1,1.354861111111111
3,3.6444444444444444
6,6.467361111111111
4,41.94583333333333
5,29.62847222222222
1,0.3798611111111111
3,1.6194444444444445
6,1.3277777777777777
4,14.47638888888889
5,26.915277777777778
19,4.7243055555555555
17,0.004861111111111111
1,0.6708333333333333
7,10.75
6,7.954166666666667
1,4.384027777777778
8,4.09375
4,52.15555555555556
3,-33.634027777777774
5,54.71805555555556
6,-57.265972222222224
4,45.89861111111111
3,-28.495833333333334
6,-6.452083333333333
5,51.170833333333334
1,0.18194444444444444
2,0.3423611111111111
3,1.475
6,2.484027777777778
4,65.25138888888888
3,12.538194444444445
6,6.618055555555555
4,21.00486111111111
5,29.034027777777776
1,0.3854166666666667
3,2.613888888888889
4,25.590972222222224
6,-21.861805555555556
1,0.48819444444444443
8,32.04236111111111
3,3.5104166666666665
6,0.4486111111111111
4,34.08402777777778
1,0.37569444444444444
6,10.115277777777777
1,0.37569444444444444
3,2.623611111111111
4,2.4347222222222222
6,0.9145833333333333
9,0.74375
5,15.584722222222222
1,0.3548611111111111
3,5.644444444444445
6,0.7305555555555555
5,36.72986111111111
4,-36.06875
4,31.865277777777777
3,-18.383333333333333
5,48.65694444444444
6,-52.330555555555556
1,0.1909722222222222
2,0.37569444444444444
3,1.4326388888888888
6,1.4833333333333334
4,11.136111111111111
5,17.840972222222224
1,0.20625
2,0.23402777777777778
4,35.21805555555556
3,-33.65902777777778
6,-0.37916666666666665
9,65.01388888888889
5,13.081944444444444
1,0.5611111111111111
4,63.06944444444444
3,-48.63125
6,-0.18333333333333332
5,83.88055555555556
3,0.5159722222222223
6,0.5305555555555556
4,34.94027777777778
3,14.366666666666667
4,1.6208333333333333
6,-1.0958333333333334
1,0.3090277777777778
3,3.6902777777777778
6,0.7333333333333333
4,1.79375
5,21.933333333333334
3,1.5020833333333334
4,19.361805555555556
6,-11.975
1,0.75
6,47.765277777777776
1,0.33055555555555555
3,2.66875
6,0.7305555555555555
4,13.82013888888889
1,1.3694444444444445
3,0.6298611111111111
4,1.5756944444444445
6,-0.27361111111111114
5,16.079166666666666
1,0.6652777777777777
6,55.75625
1,16.403472222222224
4,18.074305555555554
5,17.98263888888889
6,-29.78263888888889
1,0.34097222222222223
3,2.658333333333333
4,26.447916666666668
5,43.206944444444446
6,-65.92361111111111
1,1.3569444444444445
3,3.642361111111111
6,3.407638888888889
4,22.17222222222222
1,0.3375
4,5.854166666666667
3,-3.192361111111111
5,35.0
6,-35.24236111111111
1,0.4215277777777778
3,21.619444444444444
4,32.72569444444444
5,28.929861111111112
6,-59.04375
1,1.5055555555555555
3,10.49375
6,3.428472222222222
5,79.99166666666666
4,-77.91527777777777
6,1.9083333333333334
3,3.5909722222222222
5,59.72013888888889
4,-57.9875
1,0.3680555555555556
6,1.3576388888888888
3,0.27361111111111114
5,68.65555555555555
4,-35.21875
1,0.3770833333333333
4,22.104861111111113
3,-13.48263888888889
6,-0.15
1,0.1840277777777778
2,0.2569444444444444
4,6.236805555555556
3,-1.6784722222222221
3,1.0
6,0.32013888888888886
6,-1.7319444444444445
4,9.042361111111111
9,34.84513888888889
1,1.3694444444444445
3,1.6298611111111112
4,21.627083333333335
6,-20.895833333333332
5,51.26875
8,10.07986111111111
6,0.725
4,20.920833333333334
3,-5.434027777777778
5,62.65486111111111
9,-51.33958333333333
6,-11.925694444444444
3,3.6180555555555554
6,0.5736111111111111
5,55.16597222222222
4,-29.2375
4,20.040972222222223
3,-0.5638888888888889
6,-5.3875
7,3.154166666666667
3,48.44444444444444
6,0.7347222222222223
4,-0.4791666666666667
9,0.8298611111111112
5,19.56875
14,1.0006944444444446
1,0.43333333333333335
6,18.9125
4,20.34027777777778
5,24.052777777777777
1,0.38055555555555554
3,3.61875
4,32.59513888888889
5,22.131944444444443
6,-52.41041666666667
3,21.446527777777778
6,0.40069444444444446
4,29.054166666666667
1,0.3090277777777778
11,2.6902777777777778
3,0.0
5,11.466666666666667
4,-8.791666666666666
12,8.789583333333333
6,-6.725694444444445
4,6.7347222222222225
5,8.963194444444444
1,0.4618055555555556
6,28.864583333333332
1,0.3423611111111111
4,31.40486111111111
5,7.633333333333334
3,-37.38125
3,1.0
6,-1.2694444444444444
4,36.84513888888889
6,-36.84236111111111
8,10.471527777777778
8,6.667361111111111
8,0.07361111111111111
3,0.2916666666666667
4,19.65486111111111
6,-19.599305555555556
6,38.416666666666664
1,0.43125
3,0.5680555555555555
4,22.319444444444443
6,-15.86736111111111
5,50.203472222222224
1,0.32013888888888886
4,10.045833333333333
3,-0.36666666666666664
6,-6.691666666666666
5,35.34722222222222
1,1.3569444444444445
3,3.642361111111111
4,25.57986111111111
6,-21.233333333333334
4,36.03680555555555
3,-5.4631944444444445
6,-3.5972222222222223
4,9.792361111111111
3,-3.402083333333333
6,-0.475
5,88.51666666666667
1,0.43472222222222223
6,15.972916666666666
4,28.104861111111113
3,-17.55902777777778
6,-2.888888888888889
1,0.23819444444444443
16,3.5381944444444446
3,6.572916666666667
6,0.3819444444444444
4,1.1423611111111112
5,20.12361111111111
4,55.09097222222222
3,-34.49166666666667
6,-0.5423611111111111
6,14.253472222222221
1,0.6993055555555555
8,2.8361111111111112
1,0.3263888888888889
3,2.6729166666666666
5,19.740277777777777
4,-17.095833333333335
9,0.4527777777777778
6,-0.37222222222222223
1,0.4166666666666667
1,0.33055555555555555
7,0.12291666666666666
11,0.5458333333333333
3,0.0
6,3.363888888888889
5,51.39861111111111
12,-0.08402777777777778
4,-2.127083333333333
4,2.9479166666666665
9,19.006944444444443
5,2.2375
1,2.3305555555555557
7,6.482638888888889
3,8.186111111111112
6,0.56875
5,43.85208333333333
4,-17.89097222222222
1,0.37083333333333335
4,0.36736111111111114
3,0.2611111111111111
6,3.3027777777777776
9,0.4548611111111111
5,16.944444444444443
6,46.78958333333333
20,0.4625
1,0.34375
3,3.6972222222222224
6,0.42986111111111114
4,0.20277777777777778
5,30.04513888888889
1,0.5006944444444444
16,0.0
1,0.36875
2,0.4125
3,15.218055555555555
4,20.472916666666666
6,-20.134722222222223
9,63.296527777777776
5,13.081944444444444
1,0.39375
3,1.6055555555555556
4,21.49861111111111
5,48.22013888888889
6,-69.20416666666667
4,36.0375
3,-5.489583333333333
6,-3.625
1,2.3993055555555554
6,14.221527777777778
3,0.4201388888888889
4,1.5486111111111112
1,3.6013888888888888
6,8.001388888888888
1,0.33958333333333335
3,1.6597222222222223
4,13.609722222222222
6,-13.22638888888889
5,34.99861111111111
1,0.40347222222222223
6,21.117361111111112
3,0.5201388888888889
4,5.455555555555556
3,6.594444444444444
4,2.6180555555555554
5,113.42361111111111
6,-115.47569444444444
3,14.654166666666667
4,22.416666666666668
6,-20.676388888888887
1,0.4222222222222222
2,0.03888888888888889
4,26.202083333333334
3,-4.663888888888889
6,-0.4576388888888889
9,70.09236111111112
5,13.081944444444444
1,0.3923611111111111
6,20.06736111111111
1,0.5597222222222222
2,0.1625
3,30.31875
6,2.313888888888889
4,18.245833333333334
1,0.5451388888888888
3,17.454166666666666
4,24.605555555555554
5,37.114583333333336
6,-58.14375
2,1.05625
3,15.370833333333334
4,2.4618055555555554
6,-1.6006944444444444
1,0.6479166666666667
3,54.35138888888889
4,4.6625
6,0.7909722222222222
9,0.6277777777777778
1,0.45902777777777776
2,0.059027777777777776
4,36.05902777777778
3,-30.57777777777778
6,-0.4354166666666667
9,41.78333333333333
5,17.30902777777778
1,0.3402777777777778
3,2.6590277777777778
6,3.4243055555555557
5,38.99583333333333
9,-21.274305555555557
4,-15.519444444444444
1,0.45555555555555555
3,8.54375
6,5.451388888888889
5,17.27638888888889
4,-16.180555555555557
1,0.4201388888888889
2,0.030555555555555555
3,2.548611111111111
4,5.354166666666667
6,-5.038194444444445
9,19.165277777777778
5,63.238194444444446
1,0.4534722222222222
6,29.01736111111111
3,5.528472222222222
4,1.7361111111111112
3,0.5423611111111111
6,0.5256944444444445
4,35.99513888888889
1,0.34097222222222223
3,4.658333333333333
4,1.4006944444444445
6,-0.029861111111111113
9,4.386805555555555
5,38.702083333333334
1,2.3784722222222223
7,3.060416666666667
3,9.560416666666667
4,35.64513888888889
6,-35.204166666666666
1,0.19236111111111112
7,0.42430555555555555
2,0.9319444444444445
4,39.047222222222224
3,-28.554861111111112
6,-3.6055555555555556
3,15.545833333333333
6,9.479861111111111
5,60.56180555555556
4,-37.334722222222226
1,0.3923611111111111
16,1.9694444444444446
1,0.4111111111111111
2,0.03125
3,2.5569444444444445
4,5.665972222222222
6,-5.346527777777778
9,11.43125
5,80.67083333333333
1,30.37986111111111
8,4.044444444444444
2,0.0
3,20.616666666666667
4,34.55416666666667
6,-32.892361111111114
9,40.050694444444446
1,0.30625
3,0.6930555555555555
4,13.477777777777778
6,-8.07013888888889
5,17.02777777777778
1,0.5354166666666667
2,0.8993055555555556
3,15.564583333333333
6,0.30972222222222223
4,15.182638888888889
1,0.39166666666666666
3,5.607638888888889
6,1.4597222222222221
4,13.198611111111111
9,76.80347222222223
2,0.0
6,6.992361111111111
3,20.42152777777778
4,10.583333333333334
1,0.41597222222222224
2,0.02361111111111111
6,2.015277777777778
3,0.5444444444444444
4,4.713888888888889
5,85.98333333333333
1,0.3729166666666667
3,1.6263888888888889
4,19.511111111111113
6,-18.774305555555557
5,34.981944444444444
1,0.45555555555555555
3,4.54375
6,1.5430555555555556
4,54.077083333333334
17,0.05763888888888889
7,36.94861111111111
1,0.40069444444444446
8,49.93472222222222
1,0.3715277777777778
3,3.6277777777777778
6,3.327777777777778
5,17.133333333333333
4,-16.083333333333332
1,0.3715277777777778
3,1.6277777777777778
4,6.620833333333334
6,-5.29375
5,35.13333333333333
1,0.3909722222222222
3,13.65
4,29.744444444444444
6,-27.264583333333334
9,51.86805555555556
5,17.306944444444444
1,1.5
3,23.499305555555555
4,9.426388888888889
6,-3.928472222222222
2,1.6805555555555556
3,13.636805555555556
6,0.425
4,1.0708333333333333
1,0.3784722222222222
3,1.6208333333333333
4,10.73263888888889
6,-10.19375
5,76.18055555555556
1,0.7222222222222222
6,55.86666666666667
3,0.45208333333333334
4,14.677777777777777
1,10.634027777777778
6,10.279166666666667
3,0.08611111111111111
4,38.35
6,6.988194444444445
21,15.096527777777778
16,0.011111111111111112
1,0.4597222222222222
6,18.238194444444446
1,0.38680555555555557
2,0.07430555555555556
6,9.152083333333334
3,0.3861111111111111
4,93.75069444444445
3,10.441666666666666
6,1.4222222222222223
4,50.90347222222222
2,1.6805555555555556
3,13.636805555555556
4,1.4958333333333333
6,-1.0708333333333333
1,0.21319444444444444
2,0.3138888888888889
4,6.125
3,-1.6111111111111112
6,-0.625
6,28.12152777777778
1,0.45069444444444445
3,2.548611111111111
6,5.61875
4,20.59375
5,28.443055555555556
1,0.7180555555555556
2,0.7118055555555556
4,11.036805555555556
3,-3.467361111111111
5,90.71666666666667
9,-13.081944444444444
6,-77.90902777777778
1,0.5770833333333333
4,19.768055555555556
3,-6.304166666666666
5,28.677083333333332
6,-30.08888888888889
1,0.41944444444444445
2,1.0569444444444445
6,28.08888888888889
3,7.446527777777778
4,1.7381944444444444
1,0.37916666666666665
4,16.358333333333334
3,-12.738194444444444
6,-0.2673611111111111
1,0.40347222222222223
1,0.35694444444444445
3,1.6423611111111112
4,39.56527777777778
6,-34.22430555555555
5,52.080555555555556
6,7.675694444444445
3,0.8888888888888888
5,42.0
4,-35.38055555555555
3,4.636111111111111
6,0.3034722222222222
4,0.24722222222222223
5,44.169444444444444
6,16.329166666666666
3,0.17430555555555555
4,6.5125
1,1.3527777777777779
3,0.6465277777777778
4,24.74652777777778
5,54.97222222222222
6,-78.4
1,0.35694444444444445
3,1.6423611111111112
4,45.54097222222222
5,17.881944444444443
6,-63.02708333333333
1,0.6319444444444444
8,1.0541666666666667
6,18.96875
8,1.867361111111111
6,2.9791666666666665
6,1.195138888888889
1,0.4527777777777778
2,0.016666666666666666
4,25.945138888888888
3,-5.415277777777778
6,-0.3277777777777778
8,0.02013888888888889
3,29.341666666666665
4,1.2722222222222221
5,97.42361111111111
6,-98.23194444444445
10,1.9458333333333333
1,0.3888888888888889
7,0.029861111111111113
1,0.36319444444444443
3,3.636111111111111
4,20.658333333333335
5,21.7625
6,-41.953472222222224
1,22.654166666666665
6,6.053472222222222
3,1.2916666666666667
4,9.440277777777778
1,1.3993055555555556
4,60.171527777777776
6,-45.173611111111114
3,12.64375
6,-12.646527777777777
5,77.64652777777778
1,1.4388888888888889
2,0.19305555555555556
3,8.409027777777778
4,35.38611111111111
5,29.613888888888887
6,-64.3638888888889
1,0.5034722222222222
1,0.38472222222222224
3,19.614583333333332
4,10.483333333333333
6,-8.684722222222222
9,15.884027777777778
1,0.6701388888888888
6,23.79513888888889
6,32.9
6,10.297916666666667
3,9.20138888888889
5,56.65694444444444
4,-29.0625
1,0.32708333333333334
4,19.948611111111113
3,-13.276388888888889
6,-0.2652777777777778
5,48.92777777777778
1,0.21319444444444444
2,0.12222222222222222
4,6.353472222222222
3,-2.689583333333333
5,76.42152777777778
6,-76.76319444444445
4,18.00138888888889
3,-15.627083333333333
6,-0.6319444444444444
1,0.43333333333333335
2,0.014583333333333334
6,22.08888888888889
3,0.4625
4,5.5375
1,0.3798611111111111
3,6.6194444444444445
6,0.41805555555555557
6,0.0006944444444444445
6,0.0006944444444444445
6,0.004166666666666667
6,0.001388888888888889
4,7.26875
5,30.30625
2,2.9375
3,0.3541666666666667
4,21.538888888888888
6,-14.213888888888889
5,80.71666666666667
27,0.041666666666666664
28,0.0
29,0.0
30,0.0
31,0.0
1,0.0
32,0.0
4,26.774305555555557
3,-12.374305555555555
6,-0.29375
1,0.6555555555555556
2,4.879166666666666
6,21.939583333333335
1,0.6916666666666667
8,0.7486111111111111
7,21.058333333333334
1,1.4048611111111111
2,0.12222222222222222
4,51.079861111111114
3,-41.607638888888886
6,-0.3423611111111111
1,0.31875
3,3.6805555555555554
4,48.72847222222222
6,-48.42916666666667
5,51.33263888888889
1,0.2423611111111111
3,23.756944444444443
6,3.7069444444444444
4,92.82222222222222
5,0.12430555555555556
1,0.5305555555555556
3,34.510416666666664
6,0.725
4,28.83888888888889
1,0.3659722222222222
3,1.6333333333333333
6,0.7736111111111111
4,18.709027777777777
5,24.51736111111111
1,0.325
3,1.6743055555555555
4,41.69097222222222
5,0.7319444444444444
6,-42.12361111111111
1,0.40208333333333335
13,2.063888888888889
3,17.513194444444444
4,42.61805555555556
6,-38.87916666666667
5,54.980555555555554
1,0.5479166666666667
2,1.1159722222222221
6,17.927777777777777
3,0.4076388888888889
4,1.54375
3,8.318055555555556
6,2.45
4,20.990277777777777
5,31.278472222222224
17,0.8798611111111111
3,43.44097222222222
6,6.49375
4,-0.8631944444444445
1,0.34375
3,4.655555555555556
6,1.3736111111111111
4,2.332638888888889
9,13.381944444444445
1,2.410416666666667
3,10.588888888888889
6,10.31875
4,-3.734722222222222
9,4.026388888888889
5,65.10833333333333
1,0.3798611111111111
3,0.6194444444444445
4,19.395138888888887
6,-16.066666666666666
5,52.391666666666666
6,28.153472222222224
1,0.32013888888888886
3,4.679166666666666
6,5.775
5,16.916666666666668
4,-8.302083333333334
8,2.691666666666667
3,56.56458333333333
6,3.6083333333333334
4,2.066666666666667
1,0.6868055555555556
2,0.7118055555555556
4,23.143055555555556
3,-3.542361111111111
6,-0.2659722222222222
9,59.90069444444445
5,13.081944444444444
1,0.46458333333333335
3,3.5347222222222223
5,6.6722222222222225
4,-4.482638888888889
9,1.0666666666666667
6,-0.9291666666666667
1,0.5993055555555555
8,0.0006944444444444445
6,37.15833333333333
3,0.2826388888888889
4,40.638194444444444
1,3.4618055555555554
6,12.131944444444445
3,0.40555555555555556
4,6.438194444444444
20,0.06458333333333334
7,0.05416666666666667
11,1.457638888888889
12,4.392361111111111
15,0.0
15,0.0
15,0.0
15,0.0
15,0.0
15,0.0
15,0.0
15,0.0
15,0.0
15,0.0
15,0.0
15,0.0
15,0.0
15,0.0
15,0.0
15,0.0
15,0.0
15,0.0006944444444444445
6,0.0
15,0.9986111111111111
15,0.0
15,0.0
15,0.0
15,0.0
15,0.0
15,0.0
15,0.0
15,0.0
15,0.0
6,0.0
1,10.425694444444444
6,1.0333333333333334
4,15.179166666666667
5,7.797916666666667
1,0.5777777777777777
16,0.9041666666666667
3,36.64652777777778
6,0.73125
4,26.9
1,0.3819444444444444
2,0.02847222222222222
6,25.069444444444443
3,0.5194444444444445
5,71.71666666666667
9,-13.081944444444444
4,-45.05694444444445
6,35.084722222222226
13,0.001388888888888889
1,0.37222222222222223
6,2.36875
3,0.25833333333333336
4,25.752083333333335
5,31.247916666666665
1,0.39861111111111114
3,14.600694444444445
5,20.740277777777777
6,-17.007638888888888
9,0.3645833333333333
4,-0.38819444444444445
1,1.3777777777777778
3,0.6215277777777778
6,0.7298611111111111
5,51.68958333333333
4,-22.658333333333335
1,0.2048611111111111
2,0.225
3,1.5694444444444444
4,29.40972222222222
6,-21.950694444444444
5,44.54097222222222
1,0.39861111111111114
2,0.006944444444444444
3,17.59375
6,2.513888888888889
4,14.035416666666666
9,17.795833333333334
5,46.696527777777774
1,0.37083333333333335
3,1.6284722222222223
6,0.3111111111111111
5,49.40763888888889
4,-45.334722222222226
8,0.17847222222222223
3,1.4013888888888888
6,0.37222222222222223
5,42.075694444444444
4,-26.80902777777778
8,3.4625
3,33.236111111111114
6,0.4909722222222222
4,1.2472222222222222
5,20.883333333333333
1,0.6409722222222223
7,6.815277777777778
3,9.543055555555556
6,3.4368055555555554
4,57.17986111111111
5,30.080555555555556
6,8.015277777777778
3,0.5583333333333333
4,6.513888888888889
1,0.3548611111111111
3,3.6444444444444444
4,27.618055555555557
5,31.12152777777778
6,-56.37777777777778
1,0.6097222222222223
2,0.10902777777777778
3,6.322222222222222
6,7.324305555555555
5,58.675694444444446
4,-36.34652777777778
1,0.3090277777777778
6,29.211111111111112
1,0.19583333333333333
2,0.2361111111111111
4,4.113194444444445
3,-1.5458333333333334
6,-0.6104166666666667
1,0.5083333333333333
3,25.490972222222222
4,24.627777777777776
6,-21.06597222222222
5,58.15694444444444
20,0.09097222222222222
4,20.01875
3,-5.428472222222222
6,-0.43819444444444444
1,1.60625
3,13.393055555555556
4,42.67986111111111
6,-42.142361111111114
3,9.556944444444444
4,51.63055555555555
5,46.41111111111111
6,-84.45555555555555
1,20.643055555555556
17,0.004861111111111111
4,0.825
5,1.0208333333333333
40,0.3763888888888889
1,0.0
7,9.79513888888889
3,13.827777777777778
4,5.7375
6,-1.3930555555555555
6,13.171527777777778
3,1.2805555555555554
5,66.0
9,-59.897222222222226
4,-4.917361111111111
6,12.983333333333333
1,0.3215277777777778
3,4.677777777777778
6,0.7305555555555555
5,50.009027777777774
4,-27.019444444444446
2,0.26180555555555557
3,13.33611111111111
6,0.3236111111111111
4,1.2583333333333333
4,21.946527777777778
3,-14.420833333333333
6,-0.6270833333333333
3,46.56597222222222
4,0.43680555555555556
1,0.3909722222222222
3,1.6083333333333334
4,19.67152777777778
6,-18.94236111111111
5,48.73125
1,0.7340277777777777
3,14.306944444444444
6,0.5986111111111111
4,6.853472222222222
9,5.863194444444445
1,0.36944444444444446
3,3.629861111111111
6,1.738888888888889
5,77.98125
9,-1.1625
4,-64.83472222222223
1,0.5277777777777778
2,0.018055555555555554
6,5.945138888888889
3,0.5083333333333333
5,76.71944444444445
9,-63.238194444444446
4,-9.880555555555556
1,0.41041666666666665
2,0.008333333333333333
6,6.034722222222222
3,0.5458333333333333
5,90.69722222222222
4,-85.975
1,1.3701388888888888
6,2.35625
3,-0.7270833333333333
4,-0.22847222222222222
9,1.3215277777777779
1,0.5527777777777778
3,18.446527777777778
4,24.652083333333334
6,-21.075694444444444
5,58.143055555555556
6,0.0
15,0.0
6,0.0006944444444444445
15,0.0
15,0.0
15,0.0
15,0.0
15,0.0
15,0.0
15,0.0
6,0.001388888888888889
15,0.0
15,0.0
6,35.85486111111111
1,0.3145833333333333
3,0.6847222222222222
5,21.647222222222222
4,-21.135416666666668
9,5.586111111111111
6,-1.7347222222222223
3,7.522222222222222
4,8.425
6,-7.8125
5,43.81041666666667
15,1.1034722222222222
4,42.764583333333334
3,-40.37708333333333
5,98.04166666666667
4,-57.39652777777778
6,-43.03263888888889
1,1.45625
6,9.071527777777778
1,0.7069444444444445
4,22.919444444444444
3,-4.627083333333333
6,-0.4152777777777778
1,0.42986111111111114
3,1.5694444444444444
5,127.69652777777777
4,-125.28125
9,6.683333333333334
6,-0.47638888888888886
3,37.45
6,3.5395833333333333
4,7.065972222222222
3,0.42986111111111114
6,0.8263888888888888
5,72.21527777777777
4,-58.64791666666667
20,4.904861111111111
6,17.93402777777778
3,3.576388888888889
4,12.621527777777779
3,1.448611111111111
4,47.543055555555554
6,-45.22013888888889
1,0.3472222222222222
3,2.652083333333333
4,49.696527777777774
5,12.959027777777777
6,-61.923611111111114
1,1.7118055555555556
4,63.076388888888886
3,-58.78888888888889
7,1.5951388888888889
6,-1.9465277777777779
5,67.0736111111111
3,10.402083333333334
4,17.60972222222222
5,24.130555555555556
6,-41.328472222222224
6,20.788888888888888
3,0.5541666666666667
4,28.74861111111111
9,4.636111111111111
1,2.6840277777777777
3,45.356944444444444
4,26.54513888888889
6,-24.13125
1,0.33194444444444443
3,1.667361111111111
4,9.584027777777777
5,9.063888888888888
6,-12.903472222222222
1,0.19236111111111112
2,1.3583333333333334
4,12.022222222222222
3,-4.573611111111111
6,-1.520138888888889
6,16.92222222222222
1,7.354166666666667
6,1.9902777777777778
5,22.115972222222222
4,-17.894444444444446
4,20.956944444444446
3,-1.6840277777777777
5,44.739583333333336
6,-45.15833333333333
1,0.4722222222222222
16,3.0180555555555557
15,0.0
15,0.0
15,0.0
15,0.0
15,0.0
15,0.0
15,0.0
6,0.0
15,0.001388888888888889
15,0.0
15,0.0
6,0.0
15,0.0006944444444444445
15,0.0
6,0.0
15,0.0006944444444444445
15,0.0
15,0.0
15,0.0
6,0.0
3,9.686111111111112
5,28.679166666666667
4,-17.239583333333332
3,13.60138888888889
6,0.5965277777777778
5,50.82361111111111
9,-35.65972222222222
4,-3.311111111111111
1,0.525
4,7.134722222222222
3,-2.660416666666667
11,0.0
6,-0.6027777777777777
12,11.297222222222222
4,0.7777777777777778
5,18.52777777777778
5,3.654861111111111
8,79.26180555555555
6,2.948611111111111
6,0.0
6,0.0
6,0.0006944444444444445
6,0.0
3,3.342361111111111
4,33.674305555555556
1,0.43472222222222223
6,33.99930555555556
1,3.457638888888889
6,48.08819444444445
3,12.486805555555556
4,14.609722222222222
6,-14.161111111111111
1,1.5958333333333334
7,6.809722222222222
8,16.195138888888888
6,0.0006944444444444445
1,0.6361111111111111
6,17.956944444444446
3,0.4479166666666667
4,0.3784722222222222
9,28.957638888888887
6,15.850694444444445
3,0.51875
4,9.465277777777779
3,2.36875
6,2.386111111111111
5,59.33402777777778
4,-35.28402777777778
1,0.32083333333333336
4,5.355555555555555
3,-0.6354166666666666
5,23.620833333333334
9,-21.51388888888889
6,-2.73125
4,1.8229166666666667
3,-0.4847222222222222
6,-0.525
5,19.972916666666666
1,0.4423611111111111
2,0.0006944444444444445
6,5.88125
6,9.929166666666667
3,1.625
4,14.647916666666667
5,22.733333333333334
1,0.6319444444444444
6,24.869444444444444
6,1.195138888888889
1,0.30833333333333335
6,7.427083333333333
3,0.2638888888888889
4,32.42638888888889
5,24.31388888888889
1,0.5979166666666667
2,0.021527777777777778
6,7.939583333333333
3,0.44027777777777777
4,14.67361111111111
1,0.3486111111111111
3,1.6506944444444445
5,22.691666666666666
4,-22.085416666666667
9,0.49375
6,-0.36736111111111114
1,0.5166666666666667
6,31.016666666666666
1,0.41597222222222224
2,0.02361111111111111
6,13.260416666666666
3,0.29930555555555555
6,1.6930555555555555
4,0.84375
6,0.0
6,0.0
6,0.0
15,0.0
15,0.0
15,0.0
15,0.0
15,0.0
15,0.0
6,0.0006944444444444445
6,0.0
6,0.0
6,0.0
6,0.0
6,0.0
6,0.0
6,0.0
15,0.0
15,0.0
15,0.0
15,0.0
15,0.0
15,0.0
15,0.0
15,0.0
15,0.0
15,0.0
15,0.0
6,0.0006944444444444445
6,0.0
6,0.0
6,0.0
6,0.0
6,0.0
6,0.0
15,0.0
15,0.0
15,0.0
15,0.0
15,0.0
15,0.0
15,0.0
15,0.0
15,0.0
15,0.0
6,0.0006944444444444445
6,0.0
6,0.0
6,0.0
6,0.0
6,0.0
6,0.0
15,0.0
15,0.0
15,0.0
15,0.0
15,0.0
15,0.0
15,0.0
15,0.0
15,0.0
15,0.0
6,0.0006944444444444445
15,0.0
6,0.001388888888888889
6,0.0
6,0.0
15,0.0
15,0.0
15,0.0
15,0.0
6,0.0006944444444444445
6,0.0
6,0.0
6,0.0
6,0.0
6,0.0
15,0.0
15,0.0
15,0.0
15,0.0
15,0.0
15,0.0
15,0.0
15,0.001388888888888889
6,0.0006944444444444445
15,0.0
15,0.0
15,0.0
15,0.0
6,0.001388888888888889
6,0.0
6,0.0
15,0.0
15,0.0
15,0.0
15,0.0
15,0.0
15,0.0
15,0.0006944444444444445
6,0.0006944444444444445
15,0.0
15,0.0
15,0.0
6,0.0006944444444444445
15,0.0
3,6.639583333333333
6,0.6368055555555555
4,40.87083333333333
5,25.492361111111112
1,0.42430555555555555
3,4.575
4,48.69583333333333
6,-47.24305555555556
5,93.58888888888889
6,15.064583333333333
3,3.472916666666667
4,1.7402777777777778
9,14.595833333333333
1,0.50625
2,0.034722222222222224
4,50.104166666666664
3,-43.645833333333336
5,78.6986111111111
6,-80.25069444444445
1,0.5041666666666667
17,4.907638888888889
2,0.03958333333333333
4,13.040277777777778
3,-0.49236111111111114
5,102.04166666666667
6,-107.62430555555555
1,0.5055555555555555
6,69.12847222222223
2,5.090972222222222
3,10.38263888888889
6,3.673611111111111
4,8.715277777777779
9,7.058333333333334
3,1.5298611111111111
4,0.5701388888888889
5,10.934027777777779
6,-11.161805555555556
6,14.320833333333333
6,14.690972222222221
3,14.540972222222223
6,0.5479166666666667
4,26.884722222222223
1,1.45
3,19.590972222222224
6,0.42430555555555555
4,23.07847222222222
7,1.1270833333333334
9,0.0
5,13.749305555555555
1,0.32708333333333334
3,18.67222222222222
4,35.69722222222222
6,-34.29236111111111
5,79.63680555555555
3,8.484722222222222
5,8.698611111111111
6,-6.214583333333334
9,0.6131944444444445
4,-0.7576388888888889
11,7.660416666666666
24,18.37013888888889
1,0.4041666666666667
3,29.59513888888889
4,29.502083333333335
6,-27.159027777777776
9,31.06875
1,0.33125
4,34.134027777777774
3,-30.465972222222224
6,-0.26805555555555555
5,54.922916666666666
1,0.6069444444444444
6,14.136111111111111
8,1.7791666666666666
13,69.28541666666666
1,0.3541666666666667
3,8.645138888888889
5,68.72013888888888
4,-64.17152777777778
9,64.01041666666667
6,-50.21805555555556
4,36.02569444444445
3,-35.55625
5,70.64375
6,-71.05972222222222
1,0.3763888888888889
3,2.622916666666667
6,0.5145833333333333
4,13.078472222222222
1,0.6097222222222223
6,15.958333333333334
3,8.43125
4,3.673611111111111
1,0.5229166666666667
3,16.518055555555556
4,37.513194444444444
6,-35.02013888888889
1,0.6861111111111111
8,10.904166666666667
4,22.936805555555555
3,-13.527777777777779
6,0.4444444444444444
6,-0.6909722222222222
4,13.778472222222222
6,29.101388888888888
3,10.395833333333334
4,1.7291666666666667
1,0.21666666666666667
2,0.2590277777777778
3,2.5236111111111112
6,0.31666666666666665
4,3.2527777777777778
9,29.90625
1,0.41875
8,6.002777777777778
4,81.34583333333333
11,-58.72638888888889
3,0.0
5,61.481944444444444
12,0.0
6,-62.078472222222224
4,63.72638888888889
1,0.3840277777777778
3,0.6152777777777778
4,31.675
6,-30.94375
5,54.922916666666666
1,0.8125
13,6.956944444444445
4,13.345833333333333
3,-3.7423611111111112
6,-0.19166666666666668
1,1.4666666666666666
3,17.53263888888889
6,0.41041666666666665
5,62.30833333333333
4,-37.197916666666664
3,3.6972222222222224
5,20.377777777777776
6,-17.65138888888889
9,0.3611111111111111
4,-0.6569444444444444
8,21.933333333333334
3,2.363888888888889
6,2.3444444444444446
4,36.93263888888889
4,0.001388888888888889
6,0.0006944444444444445
6,29.17152777777778
1,0.33402777777777776
3,2.665277777777778
4,19.509027777777778
6,-18.77638888888889
5,61.922222222222224
17,0.007638888888888889
3,139.4326388888889
5,208.6027777777778
4,-202.10347222222222
1,0.6729166666666667
2,0.025694444444444443
16,13.928472222222222
3,14.614583333333334
6,0.5458333333333333
5,13.833333333333334
4,-10.909722222222221
1,0.22291666666666668
2,0.23194444444444445
4,6.186805555555556
3,-0.6423611111111112
6,-0.5916666666666667
3,3.560416666666667
4,17.583333333333332
6,-7.040277777777778
1,0.3659722222222222
6,2.3645833333333335
3,-0.73125
4,-0.21944444444444444
9,1.3166666666666667
1,0.33819444444444446
4,21.299305555555556
3,-16.638194444444444
6,-0.26319444444444445
6,19.72013888888889
3,7.752083333333333
5,28.678472222222222
4,-6.216666666666667
1,0.3659722222222222
3,1.6333333333333333
4,24.572222222222223
6,-21.229166666666668
5,52.65694444444444
1,0.4201388888888889
2,0.030555555555555555
3,2.548611111111111
4,5.352083333333334
5,77.36736111111111
9,-63.238194444444446
6,-19.165277777777778
3,3.629861111111111
6,3.4694444444444446
5,38.27013888888889
4,-24.215972222222224
1,0.6326388888888889
3,13.366666666666667
4,33.416666666666664
6,-30.991666666666667
3,10.372916666666667
4,12.379861111111111
6,-9.011111111111111
5,100.67291666666667
3,4.513194444444444
6,2.4097222222222223
4,25.06736111111111
1,0.5541666666666667
8,0.0
3,20.445138888888888
6,0.32013888888888886
4,3.2020833333333334
9,30.889583333333334
8,1.198611111111111
6,1.1236111111111111
6,16.10972222222222
3,0.4979166666666667
5,28.677083333333332
4,-27.489583333333332
3,9.603472222222223
6,0.46111111111111114
5,42.53888888888889
4,-30.61111111111111
1,0.6958333333333333
6,25.834722222222222
3,0.46875
4,1.7527777777777778
3,16.450694444444444
4,14.593055555555555
5,24.147222222222222
6,-35.18888888888889
1,1.2534722222222223
2,3.3333333333333335
3,31.4125
4,13.67361111111111
6,-13.128472222222221
1,0.48680555555555555
4,29.164583333333333
3,-4.652083333333334
6,-9.500694444444445
1,0.45625
2,0.006944444444444444
6,25.073611111111113
1,0.31666666666666665
7,0.09166666666666666
6,14.332638888888889
1,0.43819444444444444
2,0.03194444444444444
6,4.114583333333333
3,0.41458333333333336
4,3.4270833333333335
9,51.048611111111114
1,0.1986111111111111
2,0.27291666666666664
6,1.9215277777777777
3,1.60625
4,4.711805555555555
1,0.2013888888888889
2,0.26180555555555557
4,10.949305555555556
3,-0.4131944444444444
6,-5.643055555555556
5,107.68472222222222
1,0.3923611111111111
6,64.17430555555555
16,0.15625
6,9.929166666666667
3,1.625
5,37.38125
4,-22.733333333333334
6,3.2680555555555557
1,0.19583333333333333
2,0.21597222222222223
6,1.9631944444444445
3,0.6243055555555556
4,0.5701388888888889
5,119.47152777777778
1,1.3805555555555555
6,17.113888888888887
1,4.689583333333333
3,13.35138888888889
6,0.48194444444444445
4,30.805555555555557
9,0.2423611111111111
5,28.47013888888889
1,0.3159722222222222
3,4.683333333333334
6,0.7319444444444444
4,-0.3229166666666667
9,0.6909722222222222
5,28.9
4,34.24861111111111
15,-34.24861111111111
6,1.1395833333333334
15,0.0
3,0.41944444444444445
6,-1.5590277777777777
1,0.39166666666666666
3,1.6076388888888888
4,13.649305555555555
6,-6.176388888888889
5,28.906944444444445
1,0.40625
4,30.339583333333334
3,-1.7465277777777777
6,-3.527083333333333
1,0.35694444444444445
3,1.6423611111111112
6,5.340972222222222
5,52.080555555555556
4,-17.85625
6,18.93402777777778
8,5.847222222222222
1,1.3729166666666666
3,0.6680555555555555
5,23.620833333333334
6,-22.889583333333334
9,0.37083333333333335
4,-0.4465277777777778
1,0.3402777777777778
3,2.6590277777777778
4,5.626388888888889
6,-2.2020833333333334
9,17.721527777777776
5,21.274305555555557
6,8.181944444444444
1,0.41180555555555554
16,16.374305555555555
1,0.5930555555555556
3,1.40625
6,3.3680555555555554
5,59.63194444444444
4,-32.34444444444444
6,10.25
3,1.3215277777777779
4,41.66736111111111
9,11.000694444444445
6,12.260416666666666
13,53.87291666666667
1,0.3486111111111111
3,0.6506944444444445
4,21.65
5,27.006944444444443
6,-47.927083333333336
1,0.4652777777777778
4,72.21875
3,-58.643055555555556
6,-0.6298611111111111
1,0.4222222222222222
3,25.61875
6,1.4520833333333334
4,54.177083333333336
1,0.33402777777777776
4,34.202083333333334
3,-28.536805555555556
6,-0.2625
5,50.68541666666667
6,0.37916666666666665
3,5.269444444444445
4,8.309722222222222
5,28.409027777777776
1,0.48680555555555555
6,16.08888888888889
3,0.4236111111111111
5,42.73888888888889
4,-24.11875
1,0.25763888888888886
2,0.16944444444444445
4,6.270138888888889
3,-4.697916666666667
6,-0.42083333333333334
1,0.7145833333333333
2,0.015277777777777777
3,9.269444444444444
6,0.3347222222222222
4,4.282638888888889
1,0.4152777777777778
2,0.024305555555555556
6,2.2131944444444445
3,0.34652777777777777
5,76.69722222222222
4,-72.03819444444444
1,0.35138888888888886
3,4.647916666666666
4,17.638194444444444
5,41.10138888888889
6,-56.375
1,1.3694444444444445
3,3.629861111111111
4,12.28125
5,29.374305555555555
9,-0.5597222222222222
6,-37.65763888888889
1,1.3569444444444445
3,3.642361111111111
6,3.3993055555555554
4,22.180555555555557
1,1.3388888888888888
3,3.660416666666667
6,0.32569444444444445
5,48.41388888888889
4,-27.238194444444446
1,0.5701388888888889
3,4.429166666666666
4,8.634027777777778
6,-8.049305555555556
5,23.09236111111111
1,0.6326388888888889
6,21.964583333333334
1,0.6548611111111111
2,2.85
6,2.8020833333333335
3,0.6923611111111111
4,48.50833333333333
1,1.4708333333333334
3,25.528472222222224
6,5.4631944444444445
4,-2.870833333333333
1,1.3388888888888888
3,0.6604166666666667
5,51.73888888888889
7,-51.27569444444445
6,0.26666666666666666
9,0.375
4,-0.7305555555555555
6,32.140277777777776
17,52.96527777777778
17,0.03819444444444445
17,93.68541666666667
17,0.08055555555555556
17,111.06736111111111
1,0.0
17,0.07361111111111111
4,2.05625
12,4.916666666666667
5,0.0006944444444444445
4,0.009722222222222222
5,0.013194444444444444
3,5.391666666666667
11,0.0
17,5.478472222222222
17,4.902777777777778
1,0.0
17,0.001388888888888889
4,0.9979166666666667
1,11.352777777777778
4,15.11111111111111
3,-6.464583333333334
6,-0.6340277777777777
1,0.6277777777777778
4,69.61875
3,-41.24722222222222
6,-7.398611111111111
5,50.81875
4,28.665972222222223
3,-12.375
5,104.04166666666667
6,-119.36458333333333
8,0.05763888888888889
3,13.575
4,41.518055555555556
6,-41.16041666666667
1,0.39166666666666666
3,5.607638888888889
6,1.5284722222222222
4,13.129861111111111
9,76.80347222222223
17,49.884027777777774
1,0.0
17,10.36736111111111
1,0.3333333333333333
3,0.6659722222222222
4,33.545833333333334
6,-30.814583333333335
5,58.924305555555556
1,0.33958333333333335
3,1.6597222222222223
6,10.74236111111111
4,-7.348611111111111
9,7.695138888888889
5,36.63055555555555
1,0.33541666666666664
3,1.663888888888889
4,33.55555555555556
5,30.101388888888888
6,-63.269444444444446
3,8.275
4,26.660416666666666
6,-24.30902777777778
1,0.4284722222222222
2,0.03333333333333333
3,3.5375
6,2.3006944444444444
4,10.266666666666667
9,34.90833333333333
1,0.3298611111111111
7,0.22916666666666666
3,0.44027777777777777
6,1.3944444444444444
5,62.28125
9,-6.251388888888889
4,-17.843055555555555
1,0.33194444444444443
3,1.667361111111111
6,5.7444444444444445
5,12.903472222222222
4,-9.063888888888888
3,22.555555555555557
6,0.43125
4,29.235416666666666
5,70.02986111111112
1,0.38055555555555554
3,3.61875
4,32.59513888888889
6,-30.278472222222224
5,52.41041666666667
1,16.403472222222224
4,18.074305555555554
5,17.98263888888889
6,-29.78263888888889
1,0.3472222222222222
6,5.379166666666666
3,0.27291666666666664
4,15.65
1,0.3402777777777778
4,32.15972222222222
3,-26.500694444444445
5,49.72708333333333
6,-49.99166666666667
1,0.3659722222222222
3,1.6333333333333333
6,0.7736111111111111
4,18.709027777777777
5,24.51736111111111
1,1.4055555555555554
2,0.013194444444444444
8,0.22916666666666666
4,19.764583333333334
3,-12.413194444444445
6,8.527083333333334
3,0.47291666666666665
6,-10.313194444444445
5,100.01041666666667
4,6.866666666666666
5,0.08958333333333333
1,0.3472222222222222
3,3.652083333333333
6,0.7034722222222223
4,5.606944444444444
6,9.808333333333334
3,3.673611111111111
5,48.65694444444444
4,-30.273611111111112
1,0.3902777777777778
3,1.6090277777777777
6,3.5208333333333335
4,28.075
5,37.12361111111111
1,0.5888888888888889
4,14.145833333333334
3,-0.69375
5,67.0
6,-67.35
6,32.81041666666667
1,0.4409722222222222
2,0.10416666666666667
4,96.16666666666667
3,-90.7125
6,-0.48680555555555555
2,0.02361111111111111
6,1.38125
6,14.125
3,0.2076388888888889
4,6.459027777777778
5,91.5826388888889
3,3.3743055555555554
6,3.5819444444444444
4,-0.17569444444444443
9,0.6826388888888889
1,13.463888888888889
7,0.002777777777777778
17,0.0006944444444444445
7,15.055555555555555
17,0.0
17,0.10208333333333333
4,3.1326388888888888
1,1.3354166666666667
3,1.663888888888889
6,1.4534722222222223
5,21.286805555555556
4,-14.182638888888889
1,0.4798611111111111
16,15.086805555555555
1,0.6506944444444445
4,55.89513888888889
3,-24.50486111111111
6,-14.484722222222222
2,0.8486111111111111
3,9.63125
6,3.4902777777777776
4,1.0458333333333334
1,0.4395833333333333
3,42.60138888888889
4,33.6875
6,-27.99652777777778
9,33.02152777777778
7,2.7472222222222222
3,28.70625
4,0.5020833333333333
6,0.8756944444444444
9,0.7173611111111111
1,0.8125
13,6.956944444444445
1,1.351388888888889
6,12.019444444444444
3,8.438194444444445
6,0.5041666666666667
4,19.022222222222222
9,2.9715277777777778
5,57.54375
15,0.0
15,0.0
15,0.0
15,0.0
15,0.0
15,0.0
15,0.0
15,0.0
15,0.0
15,0.0
15,0.0
6,0.0
6,0.0
6,0.0
6,0.0
6,0.0
6,0.0
6,0.0
15,0.0006944444444444445
15,0.0
15,0.0
15,0.0
15,0.0
15,0.0
15,0.0
15,0.0
15,0.0
15,0.0
15,0.0
15,0.0
15,0.0
15,0.0
6,0.0
6,0.0
6,0.0
6,0.0
6,0.0
6,0.0
6,0.0
6,0.0
15,0.0006944444444444445
15,0.0
15,0.0
15,0.0
15,0.0
15,0.0
6,0.0
6,0.0
6,0.0
6,0.0
6,0.0
15,0.0006944444444444445
15,0.0
15,0.0
15,0.0
15,0.0
15,0.0
15,0.0
15,0.0
15,0.0
15,0.0
6,0.0
6,0.0
6,0.0
6,0.0
6,0.0
15,0.0006944444444444445
15,0.0
15,0.0
15,0.0
15,0.0
15,0.0
15,0.0
15,0.0
15,0.0
15,0.0
15,0.0
6,0.0
6,0.0
6,0.0
6,0.0
6,0.0
6,0.0
6,0.0
6,0.0
15,0.0006944444444444445
15,0.0
15,0.0
15,0.0
15,0.0
15,0.0
15,0.0
15,0.0
15,0.0
15,0.0
6,0.0
6,0.0
6,0.0
6,0.0
6,0.0
15,0.0006944444444444445
15,0.0
15,0.0
6,0.0
15,0.0006944444444444445
15,0.0
15,0.0
15,0.0
6,0.0
6,0.0
15,0.0006944444444444445
6,0.0
15,0.0006944444444444445
15,0.0
15,0.0
6,0.0
6,0.0
6,8.181944444444444
6,26.92013888888889
3,3.6277777777777778
4,5.489583333333333
1,0.4895833333333333
3,9.509722222222223
6,20.402083333333334
4,6.184027777777778
3,2.35625
6,0.4083333333333333
4,3.1465277777777776
5,3.8256944444444443
15,0.0
15,0.0
15,0.0
15,0.0
15,0.0
15,0.0
15,0.0
15,0.0
15,0.0
15,0.0
15,0.0
6,0.0
6,0.0
6,0.0
15,0.0006944444444444445
15,0.0
15,0.0
15,0.0
15,0.0
15,0.0
15,0.0
15,0.0
15,0.0
15,0.0
15,0.0
15,0.0
6,0.0
6,0.0
6,0.0
6,0.0
6,0.0
15,0.0006944444444444445
15,0.0
15,0.0
15,0.0
15,0.0
6,0.0
3,3.390972222222222
4,4.434027777777778
11,9.565972222222221
12,16.480555555555554
9,0.6201388888888889
1,1.44375
3,2.5555555555555554
10,17.404166666666665
6,0.19166666666666668
5,51.09513888888889
4,-2.0243055555555554
1,0.7340277777777777
3,14.306944444444444
4,7.452083333333333
6,-6.853472222222222
9,12.716666666666667
3,43.55486111111111
6,1.5763888888888888
4,4.847916666666666
5,37.575694444444444
1,0.6347222222222222
3,56.40625
7,4.595138888888889
8,1.0743055555555556
6,0.7201388888888889
4,34.178472222222226
6,8.17986111111111
3,0.44513888888888886
5,36.37916666666667
4,-20.836805555555557
3,21.402083333333334
6,0.53125
4,38.21458333333333
5,20.677083333333332
1,0.3055555555555556
4,3.4819444444444443
3,0.21180555555555555
6,0.73125
9,0.36666666666666664
1,0.5520833333333334
8,0.0
3,13.447222222222223
6,0.6423611111111112
4,29.91875
9,17.850694444444443
1,0.32013888888888886
3,0.6791666666666667
6,0.73125
4,0.6583333333333333
5,29.070138888888888
7,4.997222222222222
6,20.177083333333332
1,1.4631944444444445
8,8.03125
4,35.05625
3,-25.551388888888887
6,-0.5159722222222223
9,39.25833333333333
5,38.678472222222226
7,1.8125
6,8.054166666666667
1,0.7152777777777778
3,6.284027777777778
4,9.63125
6,-2.870138888888889
5,113.93541666666667
1,0.37083333333333335
6,8.078472222222222
1,0.6041666666666666
4,28.150694444444444
3,-2.713888888888889
6,-14.484027777777778
2,0.06111111111111111
1,2.6006944444444446
8,1.0118055555555556
3,43.386805555555554
6,3.5229166666666667
4,2.0861111111111112
2,1.8618055555555555
3,13.611805555555556
6,3.673611111111111
4,8.759722222222223
9,7.013888888888889
2,0.0
8,1.1423611111111112
4,12.034027777777778
3,-5.523611111111111
6,-2.5854166666666667
1,0.42083333333333334
2,0.1798611111111111
3,5.398611111111111
6,0.4041666666666667
4,1.1479166666666667
9,19.052083333333332
1,3.3944444444444444
3,18.646527777777777
6,0.4041666666666667
4,29.32777777777778
1,0.4222222222222222
3,25.61875
4,55.62916666666667
6,-54.177083333333336
6,6.81875
3,4.493055555555555
5,65.42291666666667
4,-63.09583333333333
4,17.208333333333332
3,-14.633333333333333
6,-0.4083333333333333
5,41.85625
1,0.21666666666666667
2,0.23125
3,5.551388888888889
6,0.32083333333333336
4,7.152777777777778
1,0.7125
6,14.904861111111112
3,0.3819444444444444
5,111.69652777777777
4,-106.14652777777778
1,0.3597222222222222
4,55.31875
3,-41.6375
6,-0.5555555555555556
1,1.3770833333333334
3,0.6222222222222222
4,16.690277777777776
5,64.35138888888889
6,-79.62986111111111
4,57.01111111111111
3,-22.406944444444445
8,4.429166666666666
13,0.0
5,60.57083333333333
6,-79.43263888888889
9,49.988194444444446
6,-31.10625
1,0.7069444444444445
6,62.94513888888889
1,0.3111111111111111
3,3.6881944444444446
6,2.3090277777777777
4,35.37430555555556
9,6.021527777777778
1,0.4097222222222222
3,16.589583333333334
4,26.604166666666668
6,-22.02986111111111
5,86.46736111111112
1,1.336111111111111
3,7.663194444444445
6,0.7347222222222223
5,58.68888888888889
4,-38.75208333333333
1,0.4909722222222222
4,26.82847222222222
3,-12.32013888888889
6,-0.34444444444444444
9,19.860416666666666
1,0.19236111111111112
2,0.5319444444444444
6,3.698611111111111
3,0.5763888888888888
4,8.54513888888889
1,0.33055555555555555
3,5.710416666666666
4,3.25
6,-0.5208333333333334
5,20.89236111111111
1,0.46041666666666664
6,63.170138888888886
6,0.003472222222222222
1,1.2659722222222223
6,14.375
3,14.4
8,1.4458333333333333
6,0.28194444444444444
4,4.9215277777777775
1,0.6770833333333334
3,64.3638888888889
4,31.680555555555557
6,-31.316666666666666
1,0.3416666666666667
4,5.156944444444444
3,-0.49930555555555556
5,29.65486111111111
6,-29.997222222222224
3,18.530555555555555
6,0.8076388888888889
4,6.852777777777778
9,7.895138888888889
1,0.4263888888888889
6,22.178472222222222
3,5.394444444444445
4,1.6868055555555554
1,0.6840277777777778
16,0.043055555555555555
1,0.3729166666666667
3,1.6263888888888889
4,19.511111111111113
5,16.207638888888887
6,-34.981944444444444
1,0.36736111111111114
5,15.358333333333333
3,-13.72638888888889
11,0.0
6,4.311805555555556
12,9.41388888888889
4,-13.943055555555556
4,13.949305555555556
5,29.727777777777778
1,0.6798611111111111
1,0.44305555555555554
6,10.95486111111111
3,23.643055555555556
4,0.4638888888888889
9,36.00347222222222
5,28.53263888888889
3,0.5791666666666667
6,6.565277777777778
4,26.05625
4,20.01875
3,-5.428472222222222
6,-0.43819444444444444
8,1.7604166666666667
3,7.513888888888889
6,0.42777777777777776
4,34.99861111111111
17,0.05
1,0.2423611111111111
16,1.4854166666666666
1,0.33194444444444443
4,5.10625
3,-0.4388888888888889
5,10.378472222222221
6,-10.946527777777778
1,0.37083333333333335
3,6.628472222222222
4,13.504166666666666
6,-13.099305555555556
6,0.0
4,13.228472222222223
5,21.827083333333334
1,0.5333333333333333
3,17.465972222222224
6,4.6305555555555555
13,0.8027777777777778
8,6.268055555555556
4,5.863194444444445
9,14.877777777777778
5,58.59930555555555
6,7.220138888888889
3,0.42569444444444443
4,13.323611111111111
1,10.425694444444444
6,1.0333333333333334
4,15.179166666666667
5,7.797916666666667
6,0.001388888888888889
6,13.66875
1,0.6638888888888889
2,20.80763888888889
16,33.206944444444446
1,0.4354166666666667
2,0.04861111111111111
6,5.031944444444444
3,0.48333333333333334
4,34.61527777777778
1,0.3861111111111111
3,5.613194444444445
4,6.643055555555556
6,-6.259722222222222
5,43.03680555555555
1,1.4423611111111112
8,1.1354166666666667
3,5.4215277777777775
6,0.5826388888888889
4,5.856944444444444
6,14.05486111111111
3,1.229861111111111
4,7.572222222222222
1,0.8347222222222223
1,0.8666666666666667
3,8.13263888888889
4,3.602777777777778
6,-1.1076388888888888
9,30.980555555555554
1,0.3576388888888889
3,1.6416666666666666
4,5.209722222222222
6,-3.484722222222222
1,0.5055555555555555
17,0.020833333333333332
2,0.019444444444444445
6,4.929861111111111
3,0.5236111111111111
4,0.5590277777777778
9,13.922222222222222
5,63.238194444444446
1,0.34375
4,7.075
3,-2.4194444444444443
5,23.738888888888887
6,-24.006944444444443
1,0.6958333333333333
6,25.834722222222222
3,0.46875
4,1.7527777777777778
4,27.013194444444444
3,-5.382638888888889
5,62.65486111111111
6,-66.08541666666666
3,14.634027777777778
4,8.361805555555556
5,29.638194444444444
6,-36.25416666666667
1,1.4444444444444444
6,3.045138888888889
5,19.881944444444443
3,-19.372222222222224
4,-0.2569444444444444
1,0.3458333333333333
3,0.6534722222222222
6,0.73125
4,25.759722222222223
1,0.6069444444444444
3,6.392361111111111
4,6.334027777777778
6,-5.726388888888889
1,1.4381944444444446
3,19.56111111111111
4,16.589583333333334
6,-16.185416666666665
1,0.3875
3,1.6118055555555555
4,5.252083333333333
9,7.238194444444445
6,1.9548611111111112
16,6.8805555555555555
6,1.38125
1,0.38055555555555554
3,1.61875
6,0.7270833333333333
5,63.27291666666667
4,-32.4875
4,27.013194444444444
3,-5.382638888888889
5,62.65486111111111
6,-66.08541666666666
3,45.048611111111114
4,9.386111111111111
6,-3.9027777777777777
1,1.2534722222222223
2,3.3333333333333335
3,16.4125
6,1.4895833333333333
4,2.8118055555555554
6,16.083333333333332
3,0.3159722222222222
4,10.490972222222222
1,0.5430555555555555
6,40.25625
3,2.2416666666666667
4,3.486111111111111
1,0.4048611111111111
6,14.208333333333334
7,20.04513888888889
8,0.0
6,24.976388888888888
20,15.071527777777778
13,0.20694444444444443
6,10.297916666666667
3,9.20138888888889
5,56.65694444444444
4,-29.0625
6,8.141666666666667
3,3.509027777777778
4,9.395833333333334
9,4.189583333333333
5,9.989583333333334
1,0.4152777777777778
3,11.584027777777777
6,3.488888888888889
4,-0.7666666666666667
9,1.3756944444444446
5,99.59861111111111
1,0.38333333333333336
3,3.615972222222222
6,1.3166666666666667
4,2.067361111111111
11,32.65763888888889
24,28.22361111111111
9,0.3194444444444444
5,1.1354166666666667
5,36.321527777777774
1,1.3368055555555556
3,0.6625
4,23.529166666666665
6,-22.22013888888889
5,71.40972222222223
1,0.45625
3,46.584722222222226
6,0.5604166666666667
4,0.10833333333333334
8,5.800694444444445
9,2.9722222222222223
1,0.30625
4,45.2
3,-34.50694444444444
6,-3.2631944444444443
5,54.981944444444444
17,0.9215277777777777
7,27.8
1,0.5284722222222222
4,5.897222222222222
3,-0.4263888888888889
6,-0.3680555555555556
12,9.077777777777778
11,0.2902777777777778
5,6.372222222222222
1,0.41041666666666665
2,0.06111111111111111
3,2.5277777777777777
4,6.404166666666667
5,77.31527777777778
3,-79.71944444444445
6,-3.6277777777777778
4,10.174305555555556
9,9.934722222222222
6,-16.856944444444444
1,0.46597222222222223
3,4.533333333333333
4,2.7319444444444443
6,-2.2041666666666666
9,73.10694444444445
5,13.081944444444444
1,0.9833333333333333
2,0.02013888888888889
4,46.665277777777774
3,-40.669444444444444
6,-0.5
5,80.54166666666667
1,0.5722222222222222
2,0.09791666666666667
3,19.329166666666666
6,0.3236111111111111
4,5.281944444444444
1,0.4708333333333333
2,0.011111111111111112
6,41.1875
3,0.3298611111111111
6,0.40694444444444444
4,20.949305555555554
4,0.0020833333333333333
9,43.27638888888889
5,13.081944444444444
6,6.875
2,0.0
6,7.097916666666666
3,16.566666666666666
4,10.560416666666667
2,0.0
6,1.1194444444444445
3,0.5201388888888889
4,10.520138888888889
1,9.35
6,5.321527777777778
3,1.3277777777777777
4,20.68402777777778
4,15.806944444444444
3,-5.307638888888889
6,-3.636111111111111
5,100.67777777777778
1,0.4465277777777778
2,7.010416666666667
3,24.542361111111113
4,8.658333333333333
6,-7.988888888888889
1,0.36736111111111114
3,4.631944444444445
6,0.55625
4,22.930555555555557
9,4.611805555555556
5,3.2805555555555554
1,0.18194444444444444
2,0.3423611111111111
3,1.475
6,2.464583333333333
4,65.27083333333333
1,0.19375
2,0.38472222222222224
6,2.854861111111111
3,3.607638888888889
4,1.5618055555555554
2,0.0
6,6.084722222222222
3,20.420833333333334
4,10.589583333333334
1,0.4097222222222222
3,8.589583333333334
4,1.6347222222222222
6,4.7659722222222225
9,0.6930555555555555
1,0.3875
3,0.6118055555555556
6,0.73125
4,27.851388888888888
5,28.072916666666668
2,2.015277777777778
6,12.295833333333333
3,0.20972222222222223
4,1.5479166666666666
1,0.4909722222222222
6,14.16388888888889
3,0.34444444444444444
4,12.32013888888889
9,7.195833333333334
4,1.051388888888889
3,-0.48055555555555557
5,27.447916666666668
6,-27.900694444444444
1,0.3958333333333333
3,16.603472222222223
6,4.459027777777778
4,7.20625
15,0.0
15,0.0
15,0.0
15,0.0
15,0.0
15,0.0
15,0.0
15,0.0
15,0.0
6,0.0
1,0.3701388888888889
4,1.4208333333333334
3,0.20833333333333334
6,3.33125
9,0.3659722222222222
5,44.7625
8,21.870833333333334
6,0.08055555555555556
4,32.90555555555556
3,-13.45625
6,-0.5131944444444444
1,0.43194444444444446
2,0.06041666666666667
3,0.5069444444444444
4,27.62847222222222
6,-12.177083333333334
5,78.59027777777777
3,20.440277777777776
8,1.5215277777777778
6,0.9131944444444444
4,5.022222222222222
1,0.4479166666666667
3,15.593055555555555
4,37.48125
6,-33.78333333333333
6,0.0
15,0.0
6,0.0006944444444444445
15,0.0
6,1.0125
15,0.0
6,5.989583333333333
3,0.3284722222222222
4,14.471527777777778
5,7.230555555555555
3,9.588888888888889
6,0.39166666666666666
4,7.104166666666667
1,0.7159722222222222
17,0.050694444444444445
3,18.50138888888889
17,0.5826388888888889
17,7.122916666666667
17,29.845833333333335
17,2.935416666666667
4,21.130555555555556
17,14.99236111111111
17,0.0020833333333333333
17,22.759027777777778
17,0.030555555555555555
17,29.00486111111111
17,0.0875
3,7.597222222222222
6,6.509027777777778
4,-4.81875
9,5.4125
1,0.4722222222222222
2,0.04513888888888889
3,2.4819444444444443
4,20.36875
6,-20.034027777777776
9,63.3
5,13.081944444444444
1,0.31805555555555554
7,1.0590277777777777
3,0.6222222222222222
6,3.55625
5,30.904166666666665
4,-18.000694444444445
17,18.802083333333332
1,0.0
17,0.0375
1,0.41597222222222224
4,55.079166666666666
3,-34.49583333333333
5,51.71805555555556
6,-52.24305555555556
6,21.19375
1,0.2361111111111111
2,0.17291666666666666
3,13.590277777777779
4,9.49375
6,-9.161111111111111
9,71.18541666666667
5,0.2013888888888889
1,0.3909722222222222
3,1.6083333333333334
4,19.67152777777778
5,29.788888888888888
6,-48.73125
6,0.004166666666666667
6,12.678472222222222
7,8.98263888888889
1,0.5305555555555556
2,0.011111111111111112
6,26.08125
2,0.0
4,23.19375
3,-10.53888888888889
6,-11.447916666666666
1,2.6659722222222224
17,0.8923611111111112
3,43.44097222222222
4,5.6305555555555555
6,-2.1194444444444445
4,25.250694444444445
3,-3.6527777777777777
6,-6.6618055555555555
9,14.103472222222223
1,0.18194444444444444
2,0.2659722222222222
6,5.034027777777778
3,0.5173611111111112
4,2.4430555555555555
1,0.4597222222222222
6,22.06597222222222
6,4.198611111111111
1,0.4340277777777778
2,0.29930555555555555
6,1.7902777777777779
3,0.4756944444444444
5,68.71944444444445
9,-0.2013888888888889
4,-58.05833333333333
1,0.2048611111111111
3,2.7944444444444443
6,2.6680555555555556
5,73.04861111111111
9,-13.081944444444444
4,-56.10138888888889
19,4.7243055555555555
17,0.004861111111111111
1,0.5375
7,0.11805555555555555
6,45.97847222222222
1,10.425694444444444
6,1.0333333333333334
5,22.977083333333333
4,-7.797916666666667
3,21.446527777777778
4,29.45486111111111
6,-29.054166666666667
20,0.5465277777777777
3,12.135416666666666
6,0.49722222222222223
4,1.2138888888888888
9,5.802777777777778
1,0.4527777777777778
4,15.165972222222223
3,-4.6194444444444445
6,-0.5097222222222222
1,0.37777777777777777
1,0.6381944444444444
8,0.78125
6,23.43263888888889
1,0.42430555555555555
4,51.27708333333333
3,-41.702083333333334
6,-0.4340277777777778
6,0.0
6,0.0
6,0.0
6,0.0
6,0.0
15,0.0
15,0.0
15,0.0
15,0.0
15,0.0
6,0.0006944444444444445
6,0.0
6,0.0
15,0.0
15,0.0
15,0.0
20,1.0222222222222221
3,0.41597222222222224
20,4.85625
20,1.46875
20,5.259027777777778
5,92.11458333333333
4,-0.13333333333333333
1,0.3701388888888889
3,3.629166666666667
4,15.597222222222221
5,29.863194444444446
9,-21.36111111111111
6,-23.355555555555554
3,10.459027777777777
6,3.4458333333333333
4,0.2111111111111111
5,101.03958333333334
1,0.34305555555555556
3,0.65625
6,0.7319444444444444
4,14.755555555555556
5,21.89236111111111
1,0.19583333333333333
2,0.2513888888888889
6,5.075
3,0.47708333333333336
4,13.490972222222222
1,0.5006944444444444
6,33.954166666666666
3,5.544444444444444
4,1.726388888888889
6,14.159722222222221
3,7.348611111111111
5,102.04166666666667
9,-22.663888888888888
4,-77.6673611111111
1,0.4583333333333333
6,26.02986111111111
3,1.511111111111111
4,42.53819444444444
1,0.18333333333333332
2,0.28402777777777777
4,9.990277777777777
3,-4.458333333333333
6,-0.5034722222222222
3,11.529166666666667
4,15.625694444444445
6,-15.085416666666667
5,50.12222222222222
1,0.4152777777777778
3,25.625694444444445
6,3.459722222222222
4,-0.80625
9,1.4388888888888889
40,0.5076388888888889
1,0.0006944444444444445
3,6.557638888888889
6,1.5347222222222223
4,-1.1194444444444445
9,1.6847222222222222
1,0.6597222222222222
2,0.03194444444444444
6,6.903472222222222
3,0.4041666666666667
4,9.622222222222222
1,0.31319444444444444
3,0.6861111111111111
4,7.551388888888889
6,-6.254861111111111
5,49.31597222222222
1,0.3659722222222222
3,3.6333333333333333
4,14.426388888888889
13,-6.9944444444444445
6,-6.697916666666667
9,42.85069444444444
5,37.456944444444446
3,14.36111111111111
4,15.4125
5,27.32777777777778
6,-42.010416666666664
1,0.5826388888888889
7,3.7881944444444446
3,9.628472222222221
6,4.46875
4,8.152777777777779
5,66.42013888888889
6,14.222222222222221
3,11.404861111111112
4,41.61944444444445
9,11.04861111111111
1,0.6180555555555556
6,3.982638888888889
3,3.3986111111111112
3,10.0
11,0.0
4,15.457638888888889
12,0.011111111111111112
5,0.0006944444444444445
4,0.001388888888888889
1,2.68125
3,12.318055555555556
4,39.62222222222222
6,-39.24861111111111
1,1.3958333333333333
2,0.04652777777777778
3,2.5569444444444445
4,3.5083333333333333
6,-1.0340277777777778
5,109.56736111111111
1,0.45416666666666666
3,43.545138888888886
6,4.475694444444445
4,0.10486111111111111
1,0.44305555555555554
8,8.98263888888889
1,0.3701388888888889
3,0.6291666666666667
6,0.5284722222222222
4,14.24236111111111
3,6.270833333333333
6,3.323611111111111
5,17.353472222222223
4,4.9118055555555555
5,31.41111111111111
1,0.3541666666666667
3,2.645138888888889
6,2.729861111111111
3,24.311805555555555
11,0.0
4,6.590972222222222
12,13.790972222222223
9,0.7069444444444445
4,3.2416666666666667
5,3.3465277777777778
5,7.701388888888889
1,0.11805555555555555
17,0.29097222222222224
19,1.5986111111111112
17,3.0819444444444444
19,5.8909722222222225
17,1.2756944444444445
8,41.865972222222226
4,52.208333333333336
3,-27.613194444444446
6,-24.46527777777778
1,0.5930555555555556
3,9.40625
6,0.4986111111111111
4,-0.001388888888888889
9,0.6020833333333333
1,0.3090277777777778
3,0.6902777777777778
6,1.4097222222222223
5,27.264583333333334
9,-16.418055555555554
4,-10.70486111111111
1,6.374305555555556
17,0.010416666666666666
4,0.3347222222222222
17,0.8111111111111111
17,0.25625
1,0.625
3,23.415972222222223
6,3.5395833333333333
4,36.09861111111111
1,7.383333333333334
3,3.615972222222222
4,3.384027777777778
6,-2.071527777777778
9,63.272222222222226
5,1.1354166666666667
6,51.66388888888889
1,0.40069444444444446
6,11.081944444444444
3,2.558333333333333
5,70.65555555555555
9,-24.245833333333334
4,-10.963888888888889
1,0.33819444444444446
6,3.404166666666667
3,5.256944444444445
5,23.37986111111111
4,-22.636805555555554
1,0.3888888888888889
2,0.020833333333333332
6,12.30486111111111
3,0.2847222222222222
4,30.589583333333334
1,0.21666666666666667
2,0.20347222222222222
4,25.295833333333334
3,-1.7166666666666666
6,-0.47638888888888886
9,58.111111111111114
5,13.081944444444444
1,0.55625
2,0.9923611111111111
3,14.403472222222222
4,3.61875
6,-3.1756944444444444
1,0.5645833333333333
1,0.3819444444444444
3,0.6173611111111111
6,3.5444444444444443
8,1.9243055555555555
8,0.0
13,0.0
8,0.0006944444444444445
6,0.03888888888888889
4,28.231944444444444
9,4.991666666666666
5,15.995138888888889
1,0.5722222222222222
2,0.11180555555555556
3,5.315277777777778
4,7.610416666666667
6,-7.292361111111111
9,42.15763888888889
6,0.0
6,0.0
15,0.0
15,0.0
15,0.0
15,0.0
15,0.0
6,0.0006944444444444445
6,0.0
6,0.0
6,0.0
6,0.0
6,0.0
6,0.0
15,0.0
15,0.0
15,0.0
15,0.0
15,0.0
15,0.0
15,0.0
15,0.0
15,0.0
15,0.0
6,0.0006944444444444445
6,0.0
6,0.0
6,0.0
6,0.0
6,0.0
6,0.0
6,0.0
15,0.0
15,0.0
15,0.0
15,0.0
15,0.0
15,0.0
15,0.0
15,0.0
15,0.0
15,0.0
15,0.0
15,0.0
15,0.0
6,0.0006944444444444445
6,0.0
6,0.0
6,0.0
15,0.0
15,0.0
15,0.0
15,0.0
15,0.0
15,0.0
15,0.0
15,0.0
15,0.0
6,0.0006944444444444445
6,0.0
6,0.0
15,0.0
15,0.0
15,0.0
15,0.0
15,0.0
15,0.0
6,0.0006944444444444445
6,0.0
6,0.0
6,0.0
6,0.0
6,0.0
15,0.0
15,0.0
15,0.0
15,0.0
15,0.0
15,0.0
15,0.0
15,0.0
15,0.0
15,0.0
6,0.0006944444444444445
6,0.0
6,0.0
6,0.0
15,0.0
15,0.0
15,0.0
15,0.0
15,0.0
15,0.0
6,0.0006944444444444445
6,0.0
6,0.0
6,0.0
6,0.0
6,0.0
15,0.0
15,0.0
15,0.0
15,0.0
15,0.0
15,0.0
15,0.0
15,0.0
15,0.0
6,0.0006944444444444445
6,0.0
6,0.0
6,0.0
15,0.0
15,0.0
15,0.0
15,0.0
15,0.0
15,0.0
15,0.0
15,0.0
6,0.002777777777777778
15,0.0
15,0.0
15,0.0
15,0.0
15,0.0
6,0.0020833333333333333
6,0.0
15,0.0
15,0.0
15,0.0
6,0.0006944444444444445
15,0.0
15,0.0
15,0.0
15,0.0
6,15.443055555555556
15,0.0
15,0.0
15,0.0
15,0.0
15,0.0
15,0.0
6,0.001388888888888889
15,0.0
15,0.0
15,0.0
1,0.7166666666666667
6,14.788194444444445
1,0.3715277777777778
3,1.6277777777777778
4,26.483333333333334
5,72.21527777777777
9,-3.245138888888889
6,-94.71944444444445
17,9.729861111111111
1,0.0
17,0.011805555555555555
1,0.3715277777777778
3,1.6277777777777778
4,6.620833333333334
5,29.839583333333334
6,-35.141666666666666
1,0.3451388888888889
3,0.6541666666666667
4,0.7020833333333333
6,0.675
9,3.709722222222222
5,16.64027777777778
1,0.40208333333333335
4,20.166666666666668
3,-0.5277777777777778
6,-0.3326388888888889
9,7.8069444444444445
1,0.4354166666666667
2,0.175
4,36.02361111111111
3,-28.634722222222223
5,57.65694444444444
9,-17.30902777777778
6,-41.03819444444444
1,0.725
16,3.9604166666666667
1,0.39444444444444443
3,1.604861111111111
6,3.7381944444444444
5,45.72222222222222
4,-24.011805555555554
3,7.2659722222222225
4,1.711111111111111
6,-1.2138888888888888
9,7.016666666666667
1,2.6659722222222224
17,0.8923611111111112
6,48.87430555555556
1,1.5743055555555556
8,12.08125
6,0.17569444444444443
3,0.20972222222222223
4,1.5506944444444444
16,3.0868055555555554
1,0.45208333333333334
2,0.04236111111111111
3,4.504861111111111
4,41.46388888888889
6,-40.97638888888889
3,40.635416666666664
4,5.404166666666667
5,10.977777777777778
6,-15.904861111111112
3,13.53125
6,0.8173611111111111
4,6.847222222222222
4,14.284027777777778
3,-4.689583333333333
6,-0.42777777777777776
1,1.257638888888889
2,0.25833333333333336
6,15.814583333333333
3,0.66875
4,3.6194444444444445
1,0.3298611111111111
3,30.669444444444444
4,10.664583333333333
5,45.75555555555555
6,-55.69166666666667
1,0.49027777777777776
6,16.25
1,0.4041666666666667
3,0.5951388888888889
4,35.66458333333333
6,-35.06111111111111
1,0.5236111111111111
2,0.034027777777777775
3,5.441666666666666
6,0.39861111111111114
5,63.25833333333333
4,-30.07777777777778
1,0.6340277777777777
6,37.03611111111111
1,0.6152777777777778
4,69.94166666666666
3,-34.55763888888889
6,-0.5138888888888888
3,7.266666666666667
4,34.58819444444445
5,29.068055555555556
6,-62.10486111111111
1,0.34652777777777777
3,1.6527777777777777
6,1.3854166666666667
4,4.188888888888889
5,31.145138888888887
1,0.7208333333333333
2,0.01875
3,16.259722222222223
6,0.3194444444444444
4,18.13888888888889
16,1.9631944444444445
1,0.2423611111111111
3,9.756944444444445
6,2.5527777777777776
4,3.1527777777777777
9,28.054861111111112
5,35.66111111111111
8,0.04027777777777778
8,0.04791666666666667
3,21.502777777777776
4,2.6333333333333333
6,-1.0465277777777777
1,0.45416666666666666
2,0.13194444444444445
3,7.413194444444445
4,6.60625
6,-6.104861111111111
9,48.9875
4,17.29722222222222
3,-1.6819444444444445
6,-0.5333333333333333
3,7.135416666666667
6,0.43472222222222223
4,13.083333333333334
9,7.0375
1,9.6125
17,1.136111111111111
4,2.525
17,0.002777777777777778
3,7.341666666666667
6,6.509027777777778
5,58.21111111111111
4,-43.040277777777774
6,32.110416666666666
1,0.6145833333333334
3,15.384722222222223
4,54.49166666666667
5,23.20625
9,-20.214583333333334
6,-57.12986111111111
3,4.373611111111111
6,3.6277777777777778
4,57.03402777777778
8,6.720833333333333
3,10.540972222222223
4,5.488194444444445
6,-3.032638888888889
9,31.041666666666668
1,0.4305555555555556
6,7.33125
1,0.17777777777777778
2,0.27361111111111114
16,12.053472222222222
17,0.9215277777777777
7,27.8
6,0.0
6,0.0
15,0.0
15,0.0
6,0.001388888888888889
6,0.0
15,0.0
15,0.0
20,4.445138888888889
20,0.021527777777777778
20,6.4743055555555555
20,2.5965277777777778
2,0.0
6,12.238888888888889
3,10.422222222222222
4,5.470833333333333
9,6.865277777777778
3,19.319444444444443
6,0.3819444444444444
4,30.1
9,2.9298611111111112
1,0.6041666666666666
6,13.92986111111111
20,2.0930555555555554
8,7.08125
1,3.672222222222222
3,33.327083333333334
4,26.591666666666665
6,-26.25347222222222
1,0.4465277777777778
3,13.552777777777777
6,1.4388888888888889
4,21.193055555555556
1,0.46041666666666664
3,4.461805555555555
6,2.7131944444444445
4,44.854166666666664
1,0.41180555555555554
3,12.5875
6,4.714583333333334
4,1.7986111111111112
9,1.042361111111111
1,0.6395833333333333
3,21.35972222222222
4,1.3402777777777777
9,3.071527777777778
6,1.1256944444444446
1,0.6652777777777777
3,17.375694444444445
6,0.45902777777777776
4,4.951388888888889
9,28.925694444444446
1,0.5423611111111111
2,0.07569444444444444
6,7.935416666666667
3,0.44583333333333336
4,13.489583333333334
9,34.986111111111114
3,16.366666666666667
4,21.617361111111112
3,-6.617361111111111
6,-11.622916666666667
3,24.471527777777776
6,1.4784722222222222
4,4.159027777777778
1,0.975
6,47.60486111111111
6,1.1597222222222223
3,0.4326388888888889
3,13.0
5,41.6125
4,-20.400694444444444
9,18.45625
4,-18.933333333333334
1,0.36666666666666664
3,1.632638888888889
11,1.0
4,6.575694444444444
5,48.14375
12,-37.15555555555556
6,-14.191666666666666
1,0.42291666666666666
6,28.37847222222222
1,0.75625
16,0.08958333333333333
4,112.67708333333333
5,7.0777777777777775
6,-119.75486111111111
6,0.0
6,0.0
6,0.0
15,0.0
15,0.0
15,0.0
15,0.0
15,0.0
15,0.0
6,0.0006944444444444445
6,0.0
6,0.0
6,0.0
15,0.0
15,0.0
15,0.0
15,0.0
6,0.0006944444444444445
6,0.0
15,0.0
15,0.0
6,0.004166666666666667
15,0.0
3,27.05
6,-27.055555555555557
6,0.0
1,3.3555555555555556
3,4.64375
6,3.3159722222222223
5,45.68402777777778
4,-31.39375
1,1.2534722222222223
2,3.3333333333333335
3,31.4125
6,0.5451388888888888
4,13.128472222222221
1,0.35
3,0.6493055555555556
4,3.5104166666666665
5,16.949305555555554
6,-17.727777777777778
3,23.284027777777776
6,6.569444444444445
4,3.859027777777778
1,0.3715277777777778
3,0.6277777777777778
6,0.7361111111111112
4,12.874305555555555
9,3.9166666666666665
5,31.135416666666668
1,0.5340277777777778
4,21.05763888888889
3,-13.592361111111112
6,-0.5201388888888889
1,1.3736111111111111
4,1.413888888888889
3,0.21180555555555555
6,1.3111111111111111
9,0.7895833333333333
5,48.61805555555556
1,0.38333333333333336
7,0.07361111111111111
3,0.5423611111111111
4,27.521527777777777
6,-26.78125
5,44.67916666666667
1,0.6
6,13.997916666666667
3,12.291666666666666
4,1.5694444444444444
6,-0.8916666666666667
9,22.819444444444443
16,3.90625
1,6.495833333333334
6,3.1506944444444445
5,28.072916666666668
4,-22.429861111111112
1,0.42291666666666666
2,2.0479166666666666
3,13.528472222222222
4,20.4625
6,-17.99652777777778
3,1.5048611111111112
4,37.49513888888889
5,17.225
6,-50.15972222222222
1,10.668055555555556
3,10.372916666666667
6,0.42291666666666666
4,23.07986111111111
9,1.1270833333333334
5,13.749305555555555
1,0.4361111111111111
8,0.2569444444444444
6,17.82777777777778
8,23.0
4,11.684027777777779
3,-4.1819444444444445
6,-7.436111111111111
1,0.6208333333333333
3,17.42013888888889
6,0.42430555555555555
5,37.954861111111114
9,-13.749305555555555
4,-1.1270833333333334
1,0.17708333333333334
2,0.17916666666666667
4,7.127777777777778
3,-2.484722222222222
5,76.42152777777778
6,-76.76458333333333
2,0.06111111111111111
1,3.71875
3,19.280555555555555
4,7.584027777777778
6,-4.067361111111111
15,0.0
15,0.0
15,0.0
15,0.0
15,0.0
15,0.0
15,0.0
15,0.0
15,0.0
15,0.0
15,0.0
6,0.0
6,0.0
1,0.39305555555555555
3,8.60625
6,20.678472222222222
4,23.01597222222222
1,0.41041666666666665
2,0.008333333333333333
6,6.034722222222222
3,0.5458333333333333
4,4.720138888888889
5,85.97708333333334
1,1.5402777777777779
6,5.039583333333334
3,2.4194444444444443
4,33.665277777777774
6,8.179166666666667
3,0.44583333333333336
5,36.37916666666667
4,-20.840972222222224
1,0.2048611111111111
2,0.5284722222222222
4,12.884722222222223
3,-3.61875
6,-0.6041666666666666
9,62.12222222222222
5,0.2013888888888889
1,0.6048611111111111
2,0.10694444444444444
6,5.847916666666666
3,1.4395833333333334
5,56.74027777777778
4,-42.172916666666666
6,2.942361111111111
3,16.34861111111111
4,12.320833333333333
5,91.72083333333333
1,0.3861111111111111
3,5.654861111111111
6,0.5604166666666667
5,66.43958333333333
4,-35.43402777777778
1,0.5895833333333333
8,2.938888888888889
6,27.061805555555555
6,8.929166666666667
3,1.6180555555555556
6,4.434722222222222
4,1.0944444444444446
3,7.470833333333333
4,4.657638888888889
1,0.18194444444444444
2,0.31527777777777777
4,7.086805555555555
3,-2.584722222222222
6,-0.5131944444444444
1,0.37222222222222223
3,5.627083333333333
4,58.58958333333333
6,-58.12638888888889
1,0.34305555555555556
3,0.65625
6,0.73125
4,23.785416666666666
1,0.2013888888888889
2,0.2604166666666667
4,20.92013888888889
3,-10.38263888888889
5,102.04166666666667
6,-107.68611111111112
19,4.7243055555555555
17,0.004861111111111111
1,2.567361111111111
6,28.915277777777778
1,0.60625
3,25.434722222222224
6,5.975
4,18.62986111111111
9,7.842361111111111
5,23.552777777777777
21,30.974305555555556
16,0.024305555555555556
2,0.0
6,1.1229166666666666
3,26.574305555555554
4,1.6006944444444444
1,0.22430555555555556
3,11.775
6,1.667361111111111
4,11.743055555555555
9,10.145138888888889
1,0.6256944444444444
6,42.013888888888886
3,0.4013888888888889
4,5.584027777777778
5,57.072916666666664
1,0.4305555555555556
6,13.134722222222223
2,4.939583333333333
3,9.5625
4,3.629861111111111
6,-3.2159722222222222
9,7.027777777777778
1,0.4076388888888889
3,16.591666666666665
6,3.713888888888889
5,51.70763888888889
4,-14.94513888888889
1,0.40069444444444446
8,0.07569444444444444
3,13.564583333333333
6,9.634722222222223
4,-7.997916666666667
9,8.459722222222222
6,19.8625
1,0.3909722222222222
6,10.109027777777778
3,1.4993055555555554
4,22.665277777777778
5,27.990972222222222
1,1.3965277777777778
2,0.25
3,8.352777777777778
6,10.434027777777779
4,30.29513888888889
5,30.3125
1,0.4222222222222222
2,0.04027777777777778
6,10.118055555555555
3,0.41875
5,93.71666666666667
9,-13.081944444444444
4,-79.11875
1,0.4270833333333333
6,53.03333333333333
3,1.5805555555555555
4,8.370833333333334
6,7.232638888888889
6,3.0416666666666665
3,1.3076388888888888
4,33.50833333333333
4,5.110416666666667
9,7.049305555555556
1,0.30694444444444446
2,0.09166666666666666
3,22.600694444444443
4,2.482638888888889
6,-2.167361111111111
9,76.31944444444444
5,13.081944444444444
1,0.6708333333333333
7,10.75
6,35.077083333333334
1,1.3729166666666666
3,1.6263888888888889
4,47.44166666666667
5,10.215277777777779
6,-57.327777777777776
1,0.40625
6,19.00347222222222
3,0.5895833333333333
4,1.6548611111111111
1,0.32708333333333334
3,1.6722222222222223
6,3.4159722222222224
4,49.015972222222224
9,9.997222222222222
5,0.22777777777777777
1,0.4951388888888889
3,32.545833333333334
4,0.4583333333333333
6,6.029861111111111
9,0.6104166666666667
5,3.2805555555555554
1,0.3416666666666667
6,9.388194444444444
3,0.26944444444444443
5,36.459722222222226
4,-36.06388888888889
6,0.0
15,0.0
3,3.1590277777777778
6,2.765277777777778
15,0.0
4,35.69305555555555
1,0.3263888888888889
4,35.270833333333336
3,-22.597916666666666
6,-6.252777777777778
1,0.3958333333333333
6,56.34652777777778
1,0.6506944444444445
3,63.390277777777776
6,6.4125
4,2.1256944444444446
6,14.002777777777778
3,0.5375
4,11.478472222222223
1,0.4375
3,3.5618055555555554
6,3.4097222222222223
5,100.24375
11,-56.611805555555556
24,49.61736111111111
9,0.4791666666666667
4,-52.58263888888889
1,0.5159722222222223
4,37.04375
3,-1.5604166666666666
6,-11.445833333333333
1,2.642361111111111
3,12.356944444444444
4,17.582638888888887
6,-17.068055555555556
1,0.20694444444444443
3,8.792361111111111
6,1.5722222222222222
4,4.129166666666666
9,1.3944444444444444
1,0.4388888888888889
6,18.211111111111112
3,0.3909722222222222
4,2.502083333333333
27,0.041666666666666664
28,0.0
29,0.0
30,0.0
31,0.0
1,0.0
32,0.0
3,1.4583333333333333
4,9.305555555555555
5,34.35
6,-42.28194444444444
1,0.4861111111111111
3,7.513194444444444
4,7.667361111111111
5,36.00763888888889
9,-17.26527777777778
6,-23.955555555555556
4,48.1625
3,-38.58611111111111
6,-0.34930555555555554
1,0.48055555555555557
6,17.00486111111111
1,0.37430555555555556
4,36.09722222222222
3,-33.47222222222222
6,-0.25833333333333336
4,11.975694444444445
3,-4.548611111111111
6,-6.338888888888889
6,0.001388888888888889
7,18.913888888888888
1,0.3159722222222222
3,0.6833333333333333
6,4.332638888888889
4,-1.695138888888889
9,2.4583333333333335
5,14.58125
3,43.418055555555554
6,0.5375
4,4.997222222222222
3,9.568055555555556
6,4.465277777777778
5,73.9576388888889
4,-51.924305555555556
1,0.38958333333333334
3,0.6097222222222223
4,10.640972222222222
6,-7.915972222222222
5,45.69861111111111
1,0.20625
16,22.57638888888889
1,1.4513888888888888
3,12.547916666666667
4,14.229861111111111
6,-12.554166666666667
4,12.55486111111111
5,30.427083333333332
1,0.37083333333333335
6,4.9847222222222225
3,-3.35625
4,-0.20277777777777778
9,4.300694444444445
1,1.382638888888889
3,3.6166666666666667
6,5.433333333333334
4,34.02569444444445
5,23.196527777777778
6,16.20138888888889
3,1.3055555555555556
4,4.54375
9,6.970138888888889
17,0.9215277777777777
7,27.8
1,0.6805555555555556
8,13.911805555555556
4,13.99236111111111
20,-13.938194444444445
3,8.352777777777778
6,-8.402777777777779
3,3.564583333333333
6,0.3590277777777778
4,38.39861111111111
5,23.899305555555557
1,0.4638888888888889
3,0.5354166666666667
6,1.3097222222222222
4,27.32777777777778
5,37.3625
1,4.4944444444444445
3,27.50486111111111
4,47.63472222222222
6,-47.204861111111114
5,77.26805555555555
1,0.4152777777777778
2,0.024305555555555556
3,1.5597222222222222
4,5.678472222222222
6,-5.201388888888889
15,0.0
15,0.0
15,0.0
6,0.0
6,0.0
15,0.0006944444444444445
15,0.0
6,0.0
3,11.514583333333333
4,3.3930555555555557
6,-0.5756944444444444
20,0.1486111111111111
11,1.5041666666666667
12,21.456944444444446
5,8.925
4,36.03541666666667
3,-5.458333333333333
6,-3.604861111111111
1,1.4354166666666666
2,0.04583333333333333
4,6.227083333333334
3,-3.7090277777777776
5,75.69722222222222
6,-75.975
1,0.4888888888888889
3,39.552083333333336
4,43.56666666666667
6,-37.11736111111111
9,41.9625
1,0.38333333333333336
6,21.04861111111111
3,0.5673611111111111
4,2.45625
8,4.922916666666667
6,10.348611111111111
3,4.195138888888889
4,1.7041666666666666
5,100.3375
1,0.3541666666666667
3,3.645138888888889
6,0.3326388888888889
4,38.22152777777778
5,20.86875
1,0.3388888888888889
3,1.6604166666666667
4,56.52361111111111
6,-56.074305555555554
5,63.18888888888889
1,0.5604166666666667
6,13.901388888888889
1,5.598611111111111
3,13.442361111111111
6,0.5527777777777778
4,33.91875
1,0.3923611111111111
3,65.60694444444445
6,2.532638888888889
4,1.1993055555555556
1,0.7270833333333333
6,29.186805555555555
1,0.3402777777777778
4,32.15972222222222
3,-26.500694444444445
5,49.72708333333333
6,-49.99166666666667
1,3.834722222222222
1,1.3979166666666667
3,1.601388888888889
4,43.68611111111111
6,-42.356944444444444
1,2.6659722222222224
17,0.8923611111111112
3,43.44097222222222
4,5.6305555555555555
6,-2.1215277777777777
1,0.3909722222222222
3,1.6083333333333334
6,0.7319444444444444
5,20.70347222222222
4,-2.6930555555555555
1,0.41944444444444445
2,0.225
6,26.988194444444446
1,0.43125
3,1.5680555555555555
4,30.64097222222222
6,-26.270138888888887
1,0.5673611111111111
3,12.431944444444444
4,30.54861111111111
6,-30.074305555555554
6,1.9423611111111112
1,1.5333333333333334
3,13.50763888888889
6,5.627777777777778
4,1.7201388888888889
1,0.58125
7,27.152083333333334
3,0.3076388888888889
4,34.58541666666667
5,28.071527777777778
6,-58.09722222222222
6,8.181944444444444
1,0.4354166666666667
2,0.0125
3,6.551388888888889
6,0.3298611111111111
4,6.214583333333334
9,30.93125
1,0.46319444444444446
3,35.53611111111111
6,2.4569444444444444
4,7.0152777777777775
9,3.0166666666666666
1,0.5715277777777777
3,49.46944444444444
6,3.4319444444444445
4,34.047222222222224
9,1.9680555555555554
6,7.832638888888889
4,41.95902777777778
3,-27.41111111111111
6,-0.4625
2,2.015277777777778
6,12.295833333333333
3,0.20972222222222223
4,1.5479166666666666
6,0.0
6,0.0
6,0.0
6,0.0
6,0.0
6,0.0
6,0.0
15,0.0
15,0.0
15,0.0
15,0.0
15,0.0
15,0.0
15,0.0
1,0.4270833333333333
2,0.03611111111111111
8,0.005555555555555556
3,3.5305555555555554
4,48.50972222222222
6,-48.19375
6,9.038194444444445
3,0.47430555555555554
4,7.469444444444444
3,12.373611111111112
5,113.69652777777777
4,-112.24236111111111
9,0.6388888888888888
6,-0.5618055555555556
6,8.1375
3,10.361805555555556
4,11.366666666666667
6,0.0
15,0.0
20,46.643055555555556
1,0.3784722222222222
3,2.620833333333333
6,3.3854166666666665
4,14.022222222222222
6,19.3875
1,0.2076388888888889
3,13.791666666666666
6,1.5375
4,3.0215277777777776
9,9.996527777777779
1,0.6027777777777777
1,0.35
3,5.649305555555555
4,5.197222222222222
6,9.25
9,0.6513888888888889
6,24.01388888888889
3,0.44583333333333336
4,16.274305555555557
3,40.635416666666664
4,5.404166666666667
5,10.977777777777778
6,-15.904861111111112
3,14.376388888888888
4,17.599305555555556
6,-17.185416666666665
5,41.326388888888886
1,0.42986111111111114
3,43.611111111111114
4,9.620833333333334
5,48.03472222222222
9,-20.21388888888889
6,-36.80972222222222
1,0.5263888888888889
2,0.07916666666666666
25,2.752083333333333
3,8.641666666666667
4,44.55277777777778
5,46.48888888888889
9,-44.240972222222226
6,-44.16875
1,0.5388888888888889
3,17.460416666666667
6,4.454861111111111
4,1.2638888888888888
1,1.5618055555555554
8,0.10138888888888889
4,38.93819444444444
3,-27.602083333333333
6,-0.49166666666666664
9,37.90347222222222
1,0.1840277777777778
2,0.2951388888888889
4,11.144444444444444
3,-5.624305555555556
6,-0.5993055555555555
1,0.6027777777777777
4,30.13888888888889
6,-20.174305555555556
6,0.001388888888888889
3,3.4305555555555554
6,-3.451388888888889
1,0.41597222222222224
2,0.02361111111111111
4,6.261111111111111
3,-3.701388888888889
6,-0.2611111111111111
1,0.19236111111111112
2,0.5354166666666667
6,3.69375
1,0.7145833333333333
2,0.015277777777777777
6,9.770138888888889
3,0.49930555555555556
4,3.6618055555555555
3,24.411805555555556
4,5.646527777777778
6,-5.322222222222222
2,0.0
3,11.652777777777779
6,2.638888888888889
4,7.961111111111111
40,2.5590277777777777
1,0.001388888888888889
3,34.43888888888889
6,0.5430555555555555
4,1.8631944444444444
2,0.9923611111111111
3,14.403472222222222
4,3.61875
6,-3.1756944444444444
2,0.06180555555555556
1,0.4201388888888889
6,3.9520833333333334
1,0.3298611111111111
6,38.02152777777778
1,0.35694444444444445
5,45.642361111111114
3,-44.0
6,1.3083333333333333
9,0.20347222222222222
4,-1.7291666666666667
1,0.3298611111111111
3,2.6694444444444443
6,3.342361111111111
5,60.077777777777776
4,-50.03611111111111
1,0.21666666666666667
2,0.23125
4,6.13125
3,-3.579861111111111
6,-0.4305555555555556
9,33.90625
1,0.22430555555555556
2,0.2604166666666667
3,5.514583333333333
4,6.683333333333334
6,-5.351388888888889
1,0.6326388888888889
3,13.366666666666667
6,2.425
4,30.991666666666667
1,0.3284722222222222
6,2.401388888888889
3,0.26944444444444443
5,40.71875
4,-37.31527777777778
1,0.5013888888888889
3,13.539583333333333
6,5.627777777777778
4,1.7125
1,0.41944444444444445
6,8.345138888888888
40,0.38333333333333336
1,0.018055555555555554
1,0.3875
2,0.03125
4,7.120138888888889
3,-3.5395833333333333
6,-0.6951388888888889
1,0.39375
4,31.05763888888889
3,-13.452083333333333
6,-0.36666666666666664
5,52.78680555555555
1,0.6541666666666667
4,46.102777777777774
3,-39.75763888888889
5,72.04166666666667
6,-72.29444444444445
1,0.6694444444444444
6,43.67638888888889
1,0.35694444444444445
3,1.6423611111111112
6,5.340972222222222
5,52.080555555555556
4,-17.85625
1,0.3423611111111111
3,0.6569444444444444
4,2.410416666666667
5,41.30972222222222
6,-42.984722222222224
3,10.540277777777778
6,2.4930555555555554
4,15.067361111111111
6,47.793055555555554
1,3.48125
3,5.518055555555556
6,10.39861111111111
5,84.64305555555555
4,-66.54861111111111
1,0.20625
2,0.2652777777777778
3,3.5277777777777777
6,3.5055555555555555
4,7.966666666666667
6,19.95347222222222
1,0.6277777777777778
6,27.688194444444445
3,0.6833333333333333
4,41.24722222222222
5,2.1729166666666666
3,2.5791666666666666
4,6.586805555555555
6,-1.025
3,10.502083333333333
4,0.2826388888888889
6,3.2041666666666666
9,108.05208333333333
5,0.11458333333333333
1,0.30833333333333335
3,0.6909722222222222
4,16.589583333333334
5,24.15
6,-37.00555555555555
6,16.995833333333334
4,14.963888888888889
3,-6.680555555555555
5,54.675
6,-55.020833333333336
1,0.3076388888888889
3,3.691666666666667
5,25.656944444444445
6,-19.92222222222222
9,0.3506944444444444
4,-4.540972222222222
3,15.913194444444445
4,5.592361111111111
6,-2.1458333333333335
6,0.0006944444444444445
1,0.18958333333333333
2,0.24027777777777778
4,29.105555555555554
3,-3.536111111111111
5,72.71666666666667
9,-13.081944444444444
6,-59.97638888888889
16,0.22152777777777777
6,6.04375
3,0.5347222222222222
4,13.600694444444445
1,0.4701388888888889
3,20.422916666666666
4,37.45763888888889
6,-35.84722222222222
1,0.39166666666666666
4,1.3833333333333333
3,0.22430555555555556
6,0.7354166666666667
9,0.3659722222222222
5,43.358333333333334
1,0.3875
3,3.6118055555555557
4,27.566666666666666
6,-25.833333333333332
5,43.68819444444444
6,0.0
6,0.0
6,0.0
6,0.0
15,0.0
15,0.0
15,0.0
15,0.0
1,0.3298611111111111
3,0.6694444444444444
4,39.58125
5,24.094444444444445
9,-6.251388888888889
6,-56.02986111111111
1,0.42569444444444443
3,3.573611111111111
4,3.6194444444444445
5,17.840972222222224
6,-20.93888888888889
1,0.4326388888888889
2,0.034722222222222224
6,42.25972222222222
3,0.3138888888888889
4,51.65208333333333
6,33.99236111111111
1,0.6701388888888888
3,7.329166666666667
4,5.586111111111111
6,-5.004166666666666
1,0.5305555555555556
2,0.15625
6,9.623611111111112
1,0.38958333333333334
3,0.6097222222222223
4,8.65625
5,65.38541666666667
6,-71.40555555555555
1,0.4048611111111111
3,10.594444444444445
5,102.04166666666667
4,-101.3326388888889
9,3.390972222222222
6,-0.7486111111111111
6,8.849305555555556
3,21.389583333333334
6,1.4902777777777778
4,-0.9569444444444445
9,6.940972222222222
1,0.40069444444444446
1,0.39791666666666664
4,39.10486111111111
3,-29.461805555555557
6,-6.667361111111111
5,71.6673611111111
3,6.375
6,0.5069444444444444
5,58.91458333333333
4,-24.80902777777778
1,0.19236111111111112
7,1.1625
2,0.19722222222222222
6,6.881944444444445
3,3.6069444444444443
4,3.473611111111111
1,2.411111111111111
6,13.146527777777777
3,0.44166666666666665
5,44.73888888888889
4,-35.264583333333334
8,1.007638888888889
19,0.0
17,0.40902777777777777
8,0.5854166666666667
8,1.0131944444444445
19,0.0
17,3.0819444444444444
19,5.8909722222222225
17,1.2756944444444445
8,40.857638888888886
4,53.21666666666667
3,-27.613194444444446
6,-25.54861111111111
8,6.126388888888889
3,23.379166666666666
4,8.4
6,-6.909722222222222
2,1.6805555555555556
3,13.636805555555556
6,0.425
4,1.0708333333333333
1,0.4076388888888889
3,10.633333333333333
4,1.6506944444444445
6,4.855555555555555
9,0.5965277777777778
1,0.45
2,0.09097222222222222
6,51.77430555555556
2,4.115277777777778
6,14.300694444444444
3,0.12361111111111112
4,0.5881944444444445
1,1.725
6,9.015972222222222
1,0.6666666666666666
3,26.374305555555555
6,0.4
5,56.25555555555555
4,-34.36527777777778
1,0.6708333333333333
7,10.75
6,35.077083333333334
3,3.65
4,27.669444444444444
6,-22.104166666666668
5,43.855555555555554
1,0.39166666666666666
3,1.6076388888888888
6,7.472916666666666
5,28.906944444444445
4,-22.730555555555554
6,6.9944444444444445
3,4.569444444444445
5,37.38125
4,-22.728472222222223
1,4.391666666666667
3,6.649305555555555
6,6.464583333333334
4,-4.764583333333333
9,5.402777777777778
1,0.36736111111111114
3,4.631944444444445
4,15.583333333333334
6,-14.255555555555556
5,57.327083333333334
1,0.43472222222222223
2,0.025694444444444443
6,2.097916666666667
3,0.4409722222222222
4,5.707638888888889
1,0.32708333333333334
6,1.9854166666666666
3,0.6868055555555556
4,3.4451388888888888
5,10.933333333333334
6,9.609027777777778
3,9.881944444444445
4,28.604166666666668
5,28.052777777777777
1,0.44305555555555554
3,1.55625
6,3.6465277777777776
4,7.574305555555555
5,30.434722222222224
1,0.5597222222222222
6,10.00625
7,5.927083333333333
3,16.50625
4,41.53125
9,2.8534722222222224
4,80.91180555555556
3,-76.325
6,-0.6868055555555556
9,81.15277777777777
5,6.25
1,0.43194444444444446
3,0.5673611111111111
4,29.779166666666665
6,-28.454166666666666
9,32.02013888888889
5,18.077083333333334
1,0.4173611111111111
2,0.09027777777777778
6,14.91388888888889
1,0.1840277777777778
2,0.23472222222222222
6,1.9548611111111112
3,0.6256944444444444
5,121.04166666666667
4,-120.64375
2,0.04861111111111111
3,15.353472222222223
4,2.467361111111111
6,-2.051388888888889
9,7.139583333333333
1,0.5013888888888889
3,5.497916666666667
5,14.436111111111112
4,-14.194444444444445
9,0.8569444444444444
6,-0.5541666666666667
6,13.272222222222222
1,0.4652777777777778
6,25.930555555555557
1,0.3388888888888889
3,1.6604166666666667
6,0.44930555555555557
4,56.074305555555554
5,7.114583333333333
19,4.7243055555555555
17,0.004861111111111111
1,0.45902777777777776
3,7.540277777777778
6,6.447222222222222
4,40.013194444444444
5,46.58125
1,0.36666666666666664
16,7.2
1,0.5888888888888889
3,14.452083333333333
6,5.358333333333333
4,-4.172916666666667
9,4.917361111111111
5,59.897222222222226
1,0.5402777777777777
3,20.459027777777777
4,31.622222222222224
6,-31.13888888888889
9,31.168055555555554
5,20.769444444444446
6,1.6965277777777779
3,1.5944444444444446
4,4.629166666666666
1,0.4840277777777778
3,19.556944444444444
6,2.6215277777777777
5,27.757638888888888
4,-20.95277777777778
1,0.36736111111111114
5,51.35069444444444
3,-49.71875
6,0.7326388888888888
9,0.3680555555555556
4,-1.3402777777777777
6,42.05763888888889
1,1.636111111111111
6,4.278472222222222
3,6.084722222222222
4,27.584722222222222
1,0.3958333333333333
3,0.6034722222222222
4,21.1875
5,28.504166666666666
6,-44.36944444444445
1,0.19652777777777777
2,0.2125
6,1.0923611111111111
3,0.4979166666666667
4,1.675
9,61.84305555555556
5,0.2013888888888889
1,0.7131944444444445
2,0.016666666666666666
16,5.725694444444445
6,23.913194444444443
6,0.0
6,0.0
6,0.0
6,0.0
6,0.0
6,0.0
6,0.0
15,0.0
15,0.0
15,0.0
15,0.0
15,0.0
15,0.0
15,0.0
6,19.654166666666665
40,2.4229166666666666
1,0.0
1,0.44375
3,15.555555555555555
6,4.709722222222222
5,91.9875
4,-86.18402777777777
1,0.19652777777777777
2,0.2125
8,0.39305555555555555
8,13.848611111111111
4,21.738194444444446
5,69.32708333333333
3,-76.71666666666667
6,0.4479166666666667
3,0.5520833333333334
6,-1.5888888888888888
6,15.281944444444445
3,0.3486111111111111
4,3.482638888888889
4,1.945138888888889
4,0.001388888888888889
9,43.16388888888889
9,12.88263888888889
6,-77.0125
1,0.4326388888888889
3,22.608333333333334
4,6.477083333333334
5,58.19722222222222
8,-63.28125
6,-1.0125
9,51.2125
6,-51.21180555555556
1,1.4388888888888889
3,21.560416666666665
4,12.409027777777778
13,-6.829861111111111
11,3.4208333333333334
6,-7.5777777777777775
9,13.338194444444444
12,63.01875
5,1.2625
4,69.78541666666666
3,-38.43055555555556
6,-15.530555555555555
1,0.37430555555555556
3,11.666666666666666
4,5.4534722222222225
5,17.225
6,-21.939583333333335
1,2.6659722222222224
17,0.8923611111111112
6,49.977777777777774
17,0.06458333333333334
8,15.994444444444444
3,46.261805555555554
4,2.70625
6,-1.2645833333333334
1,0.33819444444444446
7,0.006944444444444444
6,1.4215277777777777
1,0.5055555555555555
17,0.020833333333333332
2,0.019444444444444445
4,5.961805555555555
3,-1.5083333333333333
5,78.71944444444445
6,-79.15763888888888
3,2.4381944444444446
4,3.6
9,9.88125
6,-13.997222222222222
6,13.018055555555556
6,15.349305555555556
3,1.2243055555555555
4,5.521527777777778
1,0.37777777777777777
3,30.62152777777778
4,9.672916666666667
5,74.36875
6,-81.31041666666667
1,0.40208333333333335
3,7.597222222222222
4,49.641666666666666
6,-48.05972222222222
2,0.0006944444444444445
8,8.032638888888888
4,25.8375
3,-8.376388888888888
5,96.04166666666667
6,-113.49722222222222
3,4.594444444444444
1,10.49236111111111
4,4.88125
5,0.2847222222222222
17,13.78888888888889
17,0.004861111111111111
1,0.6819444444444445
1,1.4097222222222223
8,0.08611111111111111
2,0.015277777777777777
6,21.06875
1,0.6194444444444445
1,0.4548611111111111
3,3.5444444444444443
4,11.436805555555555
6,-6.923611111111111
1,1.7243055555555555
3,8.275
4,49.46805555555556
6,-44.22083333333333
6,9.10763888888889
4,30.292361111111113
3,-1.7173611111111111
6,-6.3
1,2.3868055555555556
3,10.6125
6,6.353472222222222
4,-4.788194444444445
9,5.690972222222222
1,0.3159722222222222
3,2.683333333333333
6,3.3930555555555557
5,45.06666666666667
9,-41.36805555555556
4,-1.6236111111111111
40,0.6277777777777778
1,0.002777777777777778
7,28.663888888888888
6,3.063888888888889
1,0.3736111111111111
3,1.6256944444444446
4,18.649305555555557
5,17.070138888888888
6,-34.420138888888886
1,0.5180555555555556
6,46.0625
1,0.35625
4,8.099305555555556
3,-6.45625
5,71.04166666666667
6,-71.30486111111111
1,0.48194444444444445
3,46.55902777777778
4,19.653472222222224
5,40.34652777777778
6,-50.44097222222222
1,1.3493055555555555
3,3.65
6,5.565972222222222
5,43.85486111111111
4,-21.75138888888889
4,16.675
3,-6.225694444444445
5,43.0
6,-43.39375
3,0.32222222222222224
4,27.625694444444445
6,-24.039583333333333
5,79.13333333333334
1,0.5923611111111111
3,5.406944444444444
6,2.4763888888888888
4,27.090972222222224
3,24.471527777777776
4,5.6375
6,-4.159027777777778
1,0.36944444444444446
6,2.973611111111111
3,-1.34375
4,-0.22708333333333333
9,2.3159722222222223
3,3.609722222222222
6,1.573611111111111
5,57.145833333333336
4,-43.22708333333333
16,0.01597222222222222
1,0.6069444444444444
6,9.878472222222221
8,17.886805555555554
6,14.127777777777778
1,0.5875
1,0.4375
2,0.043055555555555555
6,22.15486111111111
3,0.3638888888888889
4,2.7319444444444443
9,61.78611111111111
5,0.2013888888888889
1,0.4152777777777778
3,23.625694444444445
4,34.43333333333333
6,-34.047222222222224
1,0.19930555555555557
2,0.23472222222222222
6,4.24375
3,0.3215277777777778
4,2.4854166666666666
9,41.99027777777778
3,3.560416666666667
6,10.543055555555556
4,7.040277777777778
1,0.24166666666666667
2,0.16875
25,0.0
3,4.588888888888889
6,0.3215277777777778
4,0.33958333333333335
9,78.97361111111111
5,13.081944444444444
1,0.5805555555555556
3,7.41875
4,19.424305555555556
5,25.035416666666666
6,-42.89652777777778
1,0.4513888888888889
6,28.272916666666667
1,0.42430555555555555
8,23.293055555555554
6,0.9722222222222222
3,4.309722222222222
4,1.7173611111111111
1,1.354861111111111
3,1.6444444444444444
6,0.3145833333333333
4,55.46875
5,1.9083333333333334
1,0.23680555555555555
3,13.804166666666667
6,1.5694444444444444
4,4.131944444444445
9,1.3944444444444444
1,0.23541666666666666
2,0.12083333333333333
4,14.042361111111111
3,-5.399305555555555
6,-1.6875
5,86.10902777777778
1,0.3729166666666667
3,1.6263888888888889
4,13.666666666666666
5,29.052083333333332
6,-40.986111111111114
17,0.01597222222222222
7,8.827083333333333
3,0.5104166666666666
4,42.69027777777778
6,-41.361805555555556
1,0.40208333333333335
3,19.63888888888889
4,7.402083333333334
6,-6.822222222222222
1,0.7340277777777777
3,14.306944444444444
6,0.5986111111111111
4,6.853472222222222
9,5.863194444444445
1,0.3659722222222222
3,1.6333333333333333
4,19.48263888888889
6,-18.709027777777777
5,43.22638888888889
3,2.515972222222222
6,5.538194444444445
4,0.08819444444444445
5,14.752777777777778
3,13.582638888888889
4,36.43819444444444
6,-35.790277777777774
9,39.70902777777778
1,1.3875
3,3.6118055555555557
6,5.311805555555556
4,41.204166666666666
6,11.836805555555555
1,1.4916666666666667
2,5.123611111111111
6,0.8576388888888888
3,0.5263888888888889
5,77.72013888888888
4,-52.047916666666666
6,29.101388888888888
6,0.9340277777777778
6,0.26875
6,5.861111111111111
6,0.9333333333333333
1,0.36527777777777776
6,41.99166666666667
13,0.06944444444444445
1,0.7125
6,57.75069444444444
1,0.33611111111111114
3,5.663194444444445
4,25.67013888888889
5,44.99236111111111
9,-3.3680555555555554
6,-66.93819444444445
1,1.695138888888889
3,8.304166666666667
4,28.577083333333334
6,-24.18402777777778
1,2.3506944444444446
6,8.065277777777778
3,7.625
5,36.68055555555556
9,-1.0847222222222221
4,-34.952083333333334
1,0.6645833333333333
2,4.6930555555555555
16,1.2590277777777779
1,0.6895833333333333
6,74.88541666666667
1,0.5958333333333333
4,78.93194444444444
3,-40.52847222222222
5,85.04166666666667
9,-29.444444444444443
6,-57.96875
6,12.16388888888889
3,1.5763888888888888
4,19.641666666666666
5,22.80625
6,-42.077083333333334
1,0.5090277777777777
4,28.134722222222223
6,-27.914583333333333
1,0.20208333333333334
2,0.2798611111111111
16,0.25625
3,11.404861111111112
4,1.5013888888888889
6,0.11388888888888889
9,4.995138888888889
5,107.08611111111111
6,8.004861111111111
3,10.369444444444444
4,11.366666666666667
1,0.5680555555555555
3,33.47291666666667
4,34.577083333333334
6,-32.09027777777778
3,24.464583333333334
6,1.4826388888888888
4,4.157638888888889
1,0.45902777777777776
6,14.009027777777778
3,0.53125
4,12.33125
1,0.3326388888888889
11,4.666666666666667
3,0.0
4,0.47291666666666665
6,-0.052083333333333336
12,89.12569444444445
4,0.001388888888888889
9,0.0006944444444444445
5,3.104861111111111
1,2.673611111111111
8,5.960416666666666
3,29.406944444444445
6,0.46944444444444444
4,23.156944444444445
4,64.05069444444445
3,-45.50347222222222
6,-8.620138888888889
1,0.4076388888888889
2,0.25277777777777777
6,22.053472222222222
3,0.28541666666666665
4,2.658333333333333
1,0.42083333333333334
6,13.23125
3,0.3888888888888889
4,2.5034722222222223
1,2.359027777777778
3,1.6402777777777777
4,2.286111111111111
6,3.4555555555555557
9,0.34652777777777777
5,13.52361111111111
1,0.3861111111111111
3,0.6131944444444445
6,2.725
5,45.69583333333333
4,-20.880555555555556
1,0.3277777777777778
3,0.6715277777777777
4,22.674305555555556
5,27.98263888888889
6,-47.927083333333336
3,9.355555555555556
11,1.0
3,6.0
4,7.529861111111111
12,0.030555555555555555
9,4.9534722222222225
4,1.0041666666666667
9,7.0375
11,7.444444444444445
6,6.670833333333333
12,3.785416666666667
1,0.41597222222222224
2,0.02361111111111111
3,2.5597222222222222
8,0.7076388888888889
4,2.9972222222222222
6,-0.10833333333333334
11,11.403472222222222
12,4.457638888888889
1,0.33055555555555555
3,3.66875
6,3.3604166666666666
5,45.330555555555556
9,-23.59375
4,-4.90625
1,0.4951388888888889
3,24.504166666666666
6,2.421527777777778
4,29.310416666666665
9,2.0284722222222222
5,20.902083333333334
6,9.808333333333334
3,3.673611111111111
4,18.383333333333333
5,30.273611111111112
3,3.5340277777777778
6,3.454861111111111
4,23.090972222222224
1,0.38819444444444445
11,2.611111111111111
3,0.0
6,0.4736111111111111
5,47.07222222222222
4,-0.0006944444444444445
12,0.0006944444444444445
4,-29.06388888888889
9,29.06736111111111
5,16.125694444444445
3,8.529166666666667
6,8.472222222222221
4,13.057638888888889
1,0.6111111111111112
3,25.388194444444444
4,36.46111111111111
6,-35.888194444444444
6,19.257638888888888
4,8.652777777777779
3,-5.361805555555556
5,97.04166666666667
6,-98.65138888888889
2,0.0
4,3.223611111111111
3,-1.5798611111111112
6,-0.3576388888888889
1,0.6736111111111112
4,36.009027777777774
3,-1.6833333333333333
6,-7.529166666666667
1,0.6875
16,12.728472222222223
3,5.3493055555555555
4,8.338194444444444
6,-7.924305555555556
9,36.05972222222222
1,0.5611111111111111
6,25.944444444444443
6,1.0708333333333333
1,0.43125
3,17.60972222222222
6,3.59375
4,34.827777777777776
6,46.78958333333333
2,0.0
6,1.2861111111111112
3,10.349305555555556
5,96.04166666666667
4,-87.68888888888888
1,0.39791666666666664
3,1.601388888888889
4,18.40972222222222
6,-17.735416666666666
19,4.7243055555555555
17,0.004861111111111111
1,1.3347222222222221
6,1.3944444444444444
3,0.2701388888888889
5,57.63194444444444
4,-0.1701388888888889
1,0.40625
3,4.593055555555556
4,1.3909722222222223
6,0.9381944444444444
9,0.7708333333333334
5,27.36111111111111
1,0.5569444444444445
2,0.1625
3,9.321527777777778
4,37.480555555555554
6,-33.954861111111114
1,0.6145833333333334
3,4.384722222222222
4,5.656944444444444
6,-3.0652777777777778
9,74.04305555555555
5,13.081944444444444
2,0.0
6,1.2166666666666666
3,1.4256944444444444
4,9.575
1,0.7041666666666667
3,29.336805555555557
5,45.0
6,-32.455555555555556
9,0.5541666666666667
4,-11.76736111111111
6,0.1111111111111111
15,0.0
3,0.4083333333333333
4,26.759027777777778
9,6.683333333333334
5,22.27777777777778
19,4.7243055555555555
17,0.004861111111111111
6,35.25625
1,0.4527777777777778
6,10.036805555555556
3,0.5097222222222222
4,4.6194444444444445
4,61.1375
3,-30.633333333333333
6,-0.3215277777777778
6,6.861111111111111
3,11.513194444444444
4,12.320833333333333
5,91.72083333333333
4,8.11736111111111
3,-6.593055555555556
6,-1.4569444444444444
5,43.14861111111111
1,2.3381944444444445
3,7.7027777777777775
4,9.504166666666666
5,21.17361111111111
6,-30.249305555555555
1,0.3333333333333333
3,3.6659722222222224
5,23.702083333333334
4,-20.07777777777778
9,3.1333333333333333
6,-0.44583333333333336
1,1.36875
3,4.6305555555555555
4,1.4090277777777778
6,0.13541666666666666
9,0.5541666666666667
5,13.3375
1,0.33541666666666664
4,25.302777777777777
3,-5.597222222222222
5,70.65694444444445
6,-82.96805555555555
1,0.19652777777777777
2,0.23333333333333334
16,29.30625
1,0.37222222222222223
4,28.379166666666666
3,-25.752083333333335
5,57.0
6,-57.25833333333333
1,0.4847222222222222
6,1.8291666666666666
20,5.198611111111111
1,0.68125
1,0.375
4,18.924305555555556
3,-13.3
5,16.589583333333334
6,-17.159027777777776
2,0.0
8,7.025
8,0.0020833333333333333
16,1.2
1,0.4388888888888889
3,15.560416666666667
4,47.43333333333333
6,-45.02916666666667
9,49.00763888888889
1,1.5
4,14.207638888888889
3,-0.7083333333333334
6,-1.3909722222222223
2,3.997916666666667
3,23.436805555555555
6,0.4361111111111111
4,5.008333333333334
1,0.9909722222222223
8,10.468055555555555
3,25.540277777777778
4,47.65972222222222
5,35.0375
6,-79.96458333333334
1,0.6465277777777778
3,11.352777777777778
4,24.56388888888889
6,-24.15
1,0.2048611111111111
2,0.225
3,1.5694444444444444
4,29.40972222222222
6,-26.947916666666668
5,49.53819444444444
1,1.3368055555555556
3,0.6625
6,1.3090277777777777
5,71.40972222222223
4,-49.18958333333333
1,0.34652777777777777
3,0.6527777777777778
6,0.7326388888888888
5,48.00694444444444
4,-24.054166666666667
1,1.2534722222222223
2,0.17083333333333334
6,12.0625
3,0.5125
4,4.523611111111111
1,0.7326388888888888
7,0.7930555555555555
6,86.89236111111111
1,0.3770833333333333
3,2.6222222222222222
4,27.579166666666666
5,35.420833333333334
6,-59.702777777777776
3,27.247222222222224
6,0.36180555555555555
4,0.05
6,5.0680555555555555
3,0.5645833333333333
4,23.581944444444446
9,4.086111111111111
5,1.9444444444444444
3,11.529166666666667
6,0.575
5,50.0875
4,-35.41388888888889
1,0.48194444444444445
6,7.155555555555556
1,3.845138888888889
2,0.5645833333333333
6,7.3284722222222225
3,0.30277777777777776
5,64.675
9,-13.081944444444444
4,-49.108333333333334
1,0.3527777777777778
5,43.64652777777778
3,-39.0
4,-0.20277777777777778
9,1.7458333333333333
6,-0.22847222222222222
1,0.34652777777777777
7,1.0069444444444444
3,0.6458333333333334
4,5.574305555555555
5,31.145138888888887
6,-35.33402777777778
2,14.07013888888889
16,12.95138888888889
1,1.3305555555555555
3,3.66875
6,3.3604166666666666
4,16.830555555555556
9,4.90625
5,23.59375
1,0.33819444444444446
4,56.37777777777778
3,-51.71666666666667
5,78.71736111111112
9,-17.26597222222222
6,-62.02152777777778
3,13.495833333333334
6,0.5604166666666667
4,33.96805555555556
1,0.1798611111111111
2,0.27152777777777776
4,7.138888888888889
3,-1.5493055555555555
6,-0.59375
1,0.32569444444444445
3,3.7152777777777777
6,3.390972222222222
5,34.98888888888889
9,-8.865972222222222
4,-15.927083333333334
1,0.5631944444444444
2,0.08263888888888889
1,3.561111111111111
4,16.05625
6,-14.29375
5,29.136805555555554
6,7.863888888888889
3,0.4340277777777778
4,11.793055555555556
5,38.62777777777778
15,0.0
15,0.0
15,0.0
15,0.0
15,0.0
15,0.0
15,0.0
15,0.0
15,0.0
15,0.0
15,0.0
15,0.0
15,0.0
15,0.0
15,0.0
15,0.0
15,0.0006944444444444445
15,0.0
15,0.0
15,0.0
15,0.0
15,0.0
15,0.0
15,0.0
15,0.0
15,0.0
15,0.0
15,0.0
15,0.0
15,0.0
15,0.0
15,0.0
15,0.0
15,0.0
15,0.0
15,0.0
15,0.0
15,0.0
15,0.0
15,0.0
15,0.0
15,0.0
15,0.0
15,0.0
6,0.0
15,0.0020833333333333333
15,0.0
15,0.0
15,0.0
15,0.0
15,0.0
15,0.0
15,0.0
15,0.0
15,0.0
15,0.0
15,0.0
15,0.0
15,0.0
15,0.0006944444444444445
15,0.0
15,0.0
15,0.0
15,0.0
15,0.0
15,0.0
15,0.0
15,0.0
15,0.0
15,0.0
15,0.0
15,0.0
15,0.0
15,0.0
15,0.0
15,0.0
15,0.0
15,0.0
15,0.0
15,0.0
15,0.0
15,0.0
15,0.0
15,0.0
15,0.0
15,0.0
6,0.0
15,0.003472222222222222
15,0.0
15,0.0
15,0.0
15,0.0
15,0.0
15,0.0
15,0.0
15,0.0
15,0.0
15,0.0
15,0.0
15,0.0
15,0.0
15,0.0
15,0.0006944444444444445
15,0.0
15,0.0
15,0.0
15,0.0
15,0.0
15,0.0
15,0.0
15,0.0
15,0.0
15,0.0
15,0.0
15,0.0
15,0.0
15,0.0
15,0.0
15,0.0
15,0.0
15,0.0
15,0.0
15,0.0
15,0.0
15,0.0
15,0.0
15,0.0
15,0.0
15,0.0
15,0.0
15,0.0
15,0.0
15,0.0
15,0.0
15,0.0
15,0.0
15,0.0
15,0.0
15,0.0
6,0.0
15,0.005555555555555556
15,0.0
15,0.0
15,0.0
15,0.0
15,0.0
15,0.0
15,0.0
15,0.0
15,0.0
15,0.0
15,0.0
15,0.0006944444444444445
15,0.0
15,0.0
15,0.0
15,0.0
15,0.0
15,0.0
15,0.0
15,0.0
15,0.0
15,0.0
15,0.0
15,0.0
15,0.0
15,0.0
15,0.0
15,0.0
15,0.0
15,0.0
6,0.0
15,0.004166666666666667
15,0.0
15,0.0
15,0.0
15,0.0
15,0.0
15,0.0
15,0.0
15,0.0
15,0.0
15,0.0
15,0.0
15,0.0
15,0.0
15,0.0
15,0.0
15,0.0
15,0.0
15,0.0006944444444444445
15,0.0
15,0.0
15,0.0
15,0.0
15,0.0
15,0.0
15,0.0
15,0.0
15,0.0
15,0.0
15,0.0
15,0.0
15,0.0
15,0.0
15,0.0
15,0.0
15,0.0
15,0.0
15,0.0
15,0.0
15,0.0
6,0.0
15,0.006944444444444444
15,0.0
15,0.0006944444444444445
15,0.0
15,0.0
15,0.0
15,0.0
15,0.0
15,0.0
15,0.0
15,0.0
15,0.0
15,0.0
15,0.0
15,0.0
15,0.0
15,0.0
15,0.0
15,0.0
15,0.0
15,0.0
15,0.0
15,0.0
15,0.0
15,0.0
15,0.0
15,0.0
15,0.0
15,0.0
15,0.0
15,0.0
15,0.0
15,0.0
15,0.0
15,0.0
15,0.0
15,0.0
15,0.0
15,0.0
6,0.0
15,0.008333333333333333
15,0.0
15,0.0
15,0.0
15,0.0
15,0.0
15,0.0
15,0.0
15,0.0
15,0.0
15,0.0
15,0.0
15,0.0
15,0.0
15,0.0
15,0.0
15,0.0
15,0.0
15,0.0
15,0.0
15,0.0
15,0.0
15,0.0
15,0.0
15,0.0
15,0.0
15,0.0
15,0.0006944444444444445
15,0.0
15,0.0
15,0.0
15,0.0
15,0.0
15,0.0
15,0.0
15,0.0
15,0.0
15,0.0
15,0.0
15,0.0
15,0.0
15,0.0
15,0.0
15,0.0
15,0.0
15,0.0
15,0.0
15,0.0
6,0.0
15,0.011805555555555555
15,0.0
15,0.0
15,0.0
15,0.0
15,0.0006944444444444445
15,0.0
15,0.0
15,0.0
15,0.0
15,0.0
15,0.0
15,0.0
15,0.0
15,0.0
15,0.0
15,0.0
15,0.0
15,0.0
15,0.0
15,0.0
15,0.0
15,0.0
15,0.0
15,0.0
15,0.0
15,0.0
15,0.0
6,0.0
15,0.00625
15,0.0
15,0.0
15,0.0
15,0.0
15,0.0
15,0.0006944444444444445
15,0.0
15,0.0
15,0.0
15,0.0
15,0.0
15,0.0
6,0.0
17,0.001388888888888889
1,1.5055555555555555
17,0.020833333333333332
2,0.019444444444444445
3,11.453472222222222
6,0.33194444444444443
5,71.3875
9,-0.2013888888888889
4,-62.019444444444446
1,1.367361111111111
6,14.13888888888889
6,0.0006944444444444445
6,0.0006944444444444445
3,8.533333333333333
4,15.594444444444445
9,4.720833333333333
5,17.06388888888889
1,0.5840277777777778
6,43.854166666666664
1,1.3604166666666666
3,0.6388888888888888
6,1.3291666666666666
5,23.04861111111111
4,-22.654166666666665
40,0.5472222222222223
1,0.0006944444444444445
1,0.7576388888888889
6,14.897916666666667
3,1.34375
4,27.504166666666666
9,5.852777777777778
14,102.00069444444445
1,1.4458333333333333
2,0.020833333333333332
5,16.272222222222222
4,-1.3506944444444444
9,0.7645833333333333
6,-0.6756944444444445
1,0.30972222222222223
4,20.325694444444444
3,-17.636111111111113
5,41.74027777777778
6,-42.00625
1,0.38472222222222224
2,0.013194444444444444
6,8.20625
3,1.395138888888889
4,4.708333333333333
6,7.996527777777778
3,8.584027777777777
5,106.04166666666667
4,-101.79791666666667
1,0.6479166666666667
1,0.4465277777777778
6,8.99375
6,35.919444444444444
2,4.9527777777777775
4,15.913194444444445
3,-5.488888888888889
6,-0.3861111111111111
9,27.72222222222222
1,0.3923611111111111
6,15.315277777777778
3,5.333333333333333
4,8.488194444444444
1,0.3215277777777778
2,0.06527777777777778
6,3.9916666666666667
3,42.37013888888889
6,0.4895833333333333
5,58.16597222222222
9,-24.245833333333334
4,-10.156944444444445
27,0.041666666666666664
28,0.0
29,0.0
31,0.0
30,0.0
1,0.0
32,0.0
3,43.38194444444444
4,8.429166666666667
6,-6.977083333333334
1,2.575
3,7.424305555555556
4,6.569444444444445
6,-6.169444444444444
9,71.23472222222222
5,13.081944444444444
3,60.47986111111111
4,22.591666666666665
6,-3.5083333333333333
1,0.4340277777777778
3,28.606944444444444
4,17.4375
6,-15.977777777777778
9,57.015972222222224
4,57.24166666666667
3,-36.611805555555556
5,65.0
6,-72.59236111111112
4,15.118055555555555
3,-1.5444444444444445
6,-0.2791666666666667
1,0.42083333333333334
2,0.1798611111111111
3,5.398611111111111
6,0.4041666666666667
4,1.1527777777777777
9,19.04722222222222
6,15.147916666666667
3,2.3006944444444444
4,33.71388888888889
1,0.7291666666666666
3,22.270138888888887
4,5.636111111111111
6,-5.309722222222222
1,0.3194444444444444
4,30.17222222222222
3,-28.492361111111112
6,-0.2708333333333333
5,64.27083333333333
1,1.4527777777777777
4,26.241666666666667
3,-5.695138888888889
6,-0.41805555555555557
9,61.80625
1,2.6659722222222224
8,0.021527777777777778
17,0.8708333333333333
4,49.071527777777774
3,-5.6305555555555555
6,-0.18055555555555555
1,1.3840277777777779
3,2.6152777777777776
4,22.384722222222223
6,-21.96388888888889
1,5.647916666666666
6,19.909027777777776
1,0.3840277777777778
7,4.225
6,22.009027777777778
3,0.42291666666666666
4,0.6465277777777778
6,0.0
15,0.0
6,0.003472222222222222
15,0.0
6,0.0020833333333333333
6,0.0
15,0.0
15,0.0
6,7.2131944444444445
3,7.1506944444444445
4,1.38125
5,26.12013888888889
1,0.3638888888888889
3,1.6354166666666667
4,34.638194444444444
6,-33.205555555555556
1,0.5395833333333333
6,32.96388888888889
3,0.5375
4,0.7027777777777777
5,50.952777777777776
8,1.0097222222222222
3,43.386805555555554
6,3.5409722222222224
4,2.0680555555555555
1,0.3138888888888889
3,6.685416666666667
5,35.72708333333333
4,-35.27152777777778
9,33.08263888888889
6,-32.80416666666667
1,0.6833333333333333
3,6.315972222222222
6,0.6486111111111111
4,25.992361111111112
1,0.35555555555555557
3,2.64375
6,3.3194444444444446
4,8.105555555555556
5,44.99513888888889
1,0.4284722222222222
2,0.03263888888888889
4,16.03263888888889
3,-13.494444444444444
6,-0.4444444444444444
9,48.920138888888886
1,0.33194444444444443
3,1.667361111111111
4,9.584027777777777
5,9.063888888888888
6,-12.903472222222222
6,21.074305555555554
3,2.509027777777778
4,36.511805555555554
9,7.170833333333333
5,21.31736111111111
1,1.3118055555555554
3,8.6875
4,0.47430555555555554
6,-0.059027777777777776
5,22.238888888888887
1,0.6604166666666667
6,49.71597222222222
3,3.6645833333333333
4,1.70625
1,0.22430555555555556
3,12.775
6,0.6583333333333333
4,4.729166666666667
9,17.168055555555554
1,0.4375
2,0.013194444444444444
3,2.548611111111111
6,0.31180555555555556
4,5.285416666666666
9,50.87847222222222
1,14.509027777777778
17,0.11597222222222223
4,2.8354166666666667
5,3.033333333333333
1,1.5340277777777778
3,38.50694444444444
4,53.68263888888889
6,-50.202083333333334
1,0.38125
6,3.347916666666667
3,0.2701388888888889
4,19.66875
1,0.18194444444444444
2,0.30694444444444446
4,7.065277777777778
3,-2.5548611111111112
6,-0.5166666666666667
15,0.0
15,0.0
15,0.0
15,0.0
15,0.0
15,0.0
15,0.0
15,0.0
6,0.0
15,0.0006944444444444445
15,0.0
15,0.0
15,0.0
15,0.0
15,0.0
15,0.0
15,0.0
15,0.0
15,0.0
15,0.0
15,0.0
15,0.0
15,0.0
6,0.0
6,0.0
6,0.0
6,0.0
15,0.0006944444444444445
15,0.0
15,0.0
15,0.0
15,0.0
15,0.0
15,0.0
15,0.0
15,0.0
15,0.0
6,0.0
6,0.0
6,0.0
6,3.988888888888889
3,18.43263888888889
4,37.638888888888886
6,0.96875
3,15.322222222222223
5,104.04166666666667
4,-91.66666666666667
3,3.622916666666667
4,39.520833333333336
6,-35.231944444444444
9,86.43541666666667
5,6.929166666666666
1,0.7326388888888888
16,13.676388888888889
3,3.6180555555555554
4,4.622916666666667
6,-1.8027777777777778
1,0.5659722222222222
3,1.4333333333333333
4,42.574305555555554
6,-38.09652777777778
4,26.020138888888887
3,-9.45486111111111
6,-0.43472222222222223
1,0.6076388888888888
6,3.767361111111111
3,-0.37569444444444444
4,-0.31527777777777777
9,1.4076388888888889
5,12.279861111111112
1,0.4305555555555556
6,13.134722222222223
1,0.4375
6,60.97152777777778
3,0.4909722222222222
6,5.334027777777778
4,36.46180555555556
5,13.92361111111111
1,0.5041666666666667
17,4.907638888888889
2,0.04236111111111111
6,0.013888888888888888
3,0.53125
4,5.420833333333333
5,108.62083333333334
1,0.3298611111111111
3,0.6694444444444444
6,1.3944444444444444
5,62.28125
9,-6.251388888888889
4,-17.843055555555555
1,0.5770833333333333
5,19.93402777777778
3,-17.511805555555554
6,2.3756944444444446
9,0.7652777777777777
4,-3.3958333333333335
1,0.3715277777777778
3,0.6277777777777778
6,0.7361111111111112
4,12.874305555555555
9,3.9166666666666665
5,31.135416666666668
1,0.35694444444444445
4,1.4305555555555556
11,0.21180555555555555
3,0.0
4,2.798611111111111
11,0.2013888888888889
3,0.0
6,0.30486111111111114
12,13.379861111111111
4,0.0020833333333333333
12,0.0006944444444444445
5,0.0006944444444444445
5,2.8694444444444445
12,20.930555555555557
4,0.002777777777777778
9,0.0
5,0.24791666666666667
5,6.791666666666667
1,0.45625
2,0.024305555555555556
2,0.9923611111111111
3,14.403472222222222
6,0.44305555555555554
4,3.1756944444444444
1,0.22291666666666668
2,0.23194444444444445
6,4.9527777777777775
3,0.5916666666666667
4,0.6458333333333334
1,1.4520833333333334
6,13.151388888888889
3,0.3958333333333333
4,7.489583333333333
9,11.252777777777778
5,38.67777777777778
1,0.40208333333333335
3,7.597222222222222
6,0.5645833333333333
4,49.077083333333334
7,0.0006944444444444445
6,2.8555555555555556
17,0.4125
17,13.069444444444445
1,0.0
17,0.001388888888888889
4,1.1083333333333334
4,22.990277777777777
3,-7.511111111111111
6,-0.5
1,0.33819444444444446
7,0.006944444444444444
7,0.10902777777777778
6,1.3125
1,0.6215277777777778
8,5.016666666666667
1,0.5493055555555556
3,7.45
4,34.65833333333333
6,-30.14027777777778
1,2.6659722222222224
17,0.8923611111111112
3,43.44097222222222
4,5.6305555555555555
6,0.8576388888888888
1,5.470833333333333
17,0.13680555555555557
4,1.0576388888888888
1,0.3298611111111111
6,21.404166666666665
1,0.3326388888888889
7,1.1666666666666667
3,0.5
6,1.325
4,1.04375
5,55.35069444444444
17,0.013888888888888888
1,0.3770833333333333
4,5.1
3,-2.477777777777778
5,19.574305555555554
6,-19.84027777777778
6,16.995833333333334
1,0.4527777777777778
3,3.546527777777778
6,4.510416666666667
4,6.930555555555555
17,2.1006944444444446
4,2.5243055555555554
3,8.747222222222222
17,16.73263888888889
17,2.85625
1,0.4597222222222222
6,21.00138888888889
3,0.5798611111111112
4,8.308333333333334
1,0.3090277777777778
3,19.690277777777776
6,0.7305555555555555
4,-0.2534722222222222
9,0.6222222222222222
5,27.59236111111111
1,4.573611111111111
6,14.81875
1,0.4527777777777778
4,15.165972222222223
3,-4.6194444444444445
6,-0.5097222222222222
1,0.36736111111111114
5,38.63194444444444
3,-37.0
6,0.7451388888888889
9,0.3506944444444444
4,-1.3083333333333333
1,0.45416666666666666
6,10.052777777777777
3,2.4923611111111112
4,19.35
3,28.290972222222223
4,7.490972222222222
6,-4.020138888888889
5,59.951388888888886
17,0.015277777777777777
6,0.11736111111111111
1,0.3659722222222222
3,1.6333333333333333
6,0.7736111111111111
5,43.22638888888889
4,-24.51736111111111
4,13.813194444444445
3,-5.411111111111111
6,-0.4340277777777778
6,15.14861111111111
3,0.40625
4,9.599305555555556
6,23.913194444444443
16,2.9944444444444445
1,0.3798611111111111
8,15.347222222222221
3,16.31388888888889
6,6.488888888888889
5,62.16597222222222
4,-27.9875
1,0.41388888888888886
7,15.196527777777778
6,6.952083333333333
1,0.6048611111111111
6,15.182638888888889
11,1.2118055555555556
3,0.0
4,2.473611111111111
12,8.94375
5,0.001388888888888889
4,0.00625
3,14.358333333333333
6,4.5055555555555555
4,10.108333333333333
2,0.8256944444444444
6,13.414583333333333
3,0.21666666666666667
4,0.5861111111111111
3,0.32222222222222224
6,3.5861111111111112
4,24.039583333333333
5,55.09375
1,0.28680555555555554
2,0.14791666666666667
6,1.9465277777777779
3,0.6180555555555556
4,4.527777777777778
1,0.49583333333333335
2,0.016666666666666666
6,10.852777777777778
3,0.6756944444444445
4,34.54236111111111
3,16.564583333333335
6,0.4618055555555556
4,5.019444444444445
9,22.854861111111113
1,0.6708333333333333
4,83.90138888888889
3,-41.53125
6,-22.431944444444444
9,66.81666666666666
1,0.4361111111111111
2,0.022222222222222223
3,19.540972222222223
4,1.5763888888888888
6,-1.2409722222222221
4,24.155555555555555
3,-12.552083333333334
6,-2.592361111111111
9,21.350694444444443
5,15.703472222222222
1,0.33402777777777776
3,2.665277777777778
4,25.61875
5,31.38125
6,-51.26875
1,0.19305555555555556
2,0.21597222222222223
3,20.59027777777778
4,8.470833333333333
5,58.24861111111111
9,-0.2013888888888889
6,-66.19305555555556
1,5.354166666666667
6,13.038194444444445
3,0.6069444444444444
4,28.64236111111111
3,9.440972222222221
4,40.52569444444445
6,-36.15347222222222
9,45.225
5,29.444444444444443
4,19.914583333333333
15,-19.895138888888887
3,13.584722222222222
5,28.678472222222222
6,-42.263194444444444
3,8.527083333333334
6,5.513888888888889
4,16.016666666666666
1,0.3729166666666667
3,1.6263888888888889
6,0.7305555555555555
5,50.269444444444446
9,-29.9
4,-0.5659722222222222
1,0.7069444444444445
6,13.858333333333333
3,11.475694444444445
4,1.238888888888889
5,70.4173611111111
1,0.45208333333333334
8,0.5590277777777778
3,2.5965277777777778
6,5.470833333333333
4,40.296527777777776
5,32.27430555555556
1,1.207638888888889
2,0.2222222222222222
6,6.029166666666667
3,0.5402777777777777
4,3.591666666666667
6,21.145138888888887
1,0.4951388888888889
2,0.027777777777777776
3,6.476388888888889
6,0.32569444444444445
5,73.09583333333333
4,-63.96458333333333
1,0.3326388888888889
3,1.6666666666666667
4,28.316666666666666
6,-26.584027777777777
5,54.922916666666666
1,0.37430555555555556
4,17.3125
3,-10.6875
6,-3.2680555555555557
1,0.35347222222222224
5,52.105555555555554
3,-50.459722222222226
6,1.4416666666666667
9,26.014583333333334
4,-27.725
17,0.027777777777777776
6,7.05625
3,11.285416666666666
4,9.39236111111111
5,51.328472222222224
1,0.3736111111111111
3,3.6256944444444446
6,2.3944444444444444
5,63.26111111111111
9,-3.24375
4,-6.883333333333334
1,0.2423611111111111
3,10.756944444444445
4,5.507638888888889
5,84.20902777777778
9,-13.081944444444444
6,-74.03888888888889
1,0.3729166666666667
3,1.6263888888888889
4,14.675
6,-11.280555555555555
9,81.11041666666667
5,0.16666666666666666
2,3.173611111111111
4,30.83888888888889
3,-1.5555555555555556
6,-0.4076388888888889
1,0.39166666666666666
3,1.6076388888888888
4,13.649305555555555
5,22.730555555555554
6,-28.906944444444445
1,1.3138888888888889
3,3.685416666666667
4,13.352083333333333
5,29.10763888888889
6,-39.02361111111111
6,13.018055555555556
1,0.36736111111111114
13,3.191666666666667
3,21.196527777777778
4,7.495138888888889
6,-3.129861111111111
1,0.3111111111111111
3,3.6881944444444446
4,37.68333333333333
6,-35.37430555555556
9,41.395833333333336
1,0.44375
2,0.027777777777777776
4,17.129166666666666
3,-9.60138888888889
6,-0.42916666666666664
9,50.90486111111111
6,23.1875
1,0.7076388888888889
2,0.014583333333333334
4,16.949305555555554
3,-5.6722222222222225
6,-0.2743055555555556
5,77.31597222222223
20,0.4895833333333333
1,0.5798611111111112
1,0.7604166666666666
2,0.0125
6,7.947222222222222
3,2.279166666666667
5,76.42152777777778
4,-73.84027777777777
3,10.44513888888889
4,90.67777777777778
6,-87.30555555555556
1,0.36944444444444446
6,2.973611111111111
3,-1.34375
4,-0.22708333333333333
9,2.3159722222222223
6,28.06597222222222
3,10.391666666666667
4,1.7319444444444445
4,50.09166666666667
3,-28.74861111111111
6,-0.5458333333333333
9,33.93055555555556
2,8.721527777777778
6,17.134722222222223
2,0.011111111111111112
4,14.917361111111111
5,79.08472222222223
3,-84.42152777777778
6,-0.38680555555555557
4,5.732638888888889
6,-5.6625
1,0.4131944444444444
2,0.034722222222222224
4,6.286111111111111
3,-0.7347222222222223
6,-0.44930555555555557
1,0.3784722222222222
3,3.620833333333333
4,34.515972222222224
13,-33.09861111111111
11,6.582638888888889
6,-6.622222222222222
12,34.25347222222222
9,3.504166666666667
5,12.584027777777777
3,14.499305555555555
4,11.459027777777777
6,-6.8493055555555555
1,0.4201388888888889
2,0.030555555555555555
4,7.879861111111111
3,-5.33125
5,82.71944444444445
9,-63.238194444444446
6,-20.018055555555556
1,0.5854166666666667
1,0.29791666666666666
6,3.428472222222222
3,0.27291666666666664
4,27.622222222222224
5,32.37777777777778
1,0.3854166666666667
6,69.12847222222223
1,0.7270833333333333
7,13.659722222222221
1,0.3597222222222222
3,7.639583333333333
6,2.3986111111111112
4,3.2930555555555556
9,62.826388888888886
5,0.2013888888888889
1,0.4534722222222222
2,0.01875
4,14.90625
3,-0.37916666666666665
6,-0.5423611111111111
9,52.018055555555556
2,0.0
6,19.294444444444444
6,40.203472222222224
1,0.7131944444444445
2,4.042361111111111
3,10.285416666666666
11,0.0
6,0.4847222222222222
3,0.5152777777777777
4,43.708333333333336
23,0.03611111111111111
24,17.854861111111113
4,36.0375
3,-5.489583333333333
6,-3.6083333333333334
1,0.6708333333333333
3,1.3284722222222223
4,25.492361111111112
6,-24.863194444444446
5,62.09097222222222
3,0.61875
6,0.7319444444444444
4,20.869444444444444
1,1.3770833333333334
3,0.6222222222222222
6,1.4118055555555555
5,79.62986111111111
4,-64.35138888888889
3,11.666666666666666
4,5.4534722222222225
5,17.225
6,-21.939583333333335
1,0.3194444444444444
3,0.6798611111111111
13,3.4902777777777776
4,29.07777777777778
9,4.84375
5,3.245138888888889
1,0.6319444444444444
6,20.022916666666667
1,1.3569444444444445
3,3.642361111111111
4,25.57986111111111
6,-21.241666666666667
1,1.4104166666666667
2,0.029166666666666667
3,7.601388888888889
6,0.2972222222222222
5,70.35833333333333
4,-65.92430555555555
1,0.3472222222222222
3,1.6520833333333333
6,0.9138888888888889
5,35.08611111111111
4,-30.490972222222222
2,0.09166666666666666
3,15.349305555555556
4,1.5833333333333333
6,-1.2590277777777779
1,0.43125
3,1.5680555555555555
4,30.64097222222222
6,-26.270138888888887
1,0.33958333333333335
3,1.6597222222222223
4,13.609722222222222
6,-13.22638888888889
5,34.99861111111111
1,0.39305555555555555
3,3.60625
4,7.473611111111111
6,-6.751388888888889
5,19.979861111111113
1,0.5618055555555556
6,11.047222222222222
3,9.390277777777778
4,5.214583333333334
8,4.097916666666666
3,9.397222222222222
6,0.4354166666666667
4,17.035416666666666
1,1.6034722222222222
6,71.18263888888889
1,0.44166666666666665
6,13.25625
1,4.384027777777778
3,12.615277777777777
4,29.65625
5,42.766666666666666
6,-69.99305555555556
1,0.37777777777777777
3,1.6215277777777777
4,34.61666666666667
5,21.102777777777778
6,-54.984027777777776
1,4.689583333333333
3,13.35138888888889
6,0.4875
5,59.5125
9,-28.47013888888889
4,-0.2423611111111111
1,0.34097222222222223
3,0.6583333333333333
6,0.7326388888888888
4,24.788888888888888
9,9.801388888888889
5,13.415972222222223
4,23.72013888888889
3,-5.3875
6,-1.5638888888888889
1,0.3375
3,3.6618055555555555
6,2.384027777777778
5,64.0375
4,-23.698611111111113
1,0.5756944444444444
6,20.854861111111113
3,0.56875
4,23.502777777777776
6,25.271527777777777
3,6.301388888888889
4,1.7159722222222222
1,0.37916666666666665
3,1.6201388888888888
4,17.632638888888888
13,-11.974305555555556
5,29.06111111111111
6,-33.986805555555556
1,0.5027777777777778
8,0.0763888888888889
3,6.420138888888889
6,0.50625
5,86.53541666666666
4,-37.740972222222226
1,0.3416666666666667
3,7.657638888888889
4,7.506944444444445
5,20.875
6,-27.647222222222222
1,0.31666666666666665
6,14.424305555555556
1,0.7340277777777777
3,14.306944444444444
6,0.5986111111111111
4,6.853472222222222
9,5.863194444444445
1,1.4354166666666666
3,17.56388888888889
4,5.5159722222222225
5,106.18055555555556
6,-108.2298611111111
1,0.44513888888888886
3,4.554166666666666
4,21.540972222222223
5,71.15555555555555
6,-90.32291666666667
1,0.5229166666666667
3,10.47638888888889
4,0.6840277777777778
6,2.636111111111111
9,0.7798611111111111
5,61.61875
8,0.33194444444444443
1,0.31666666666666665
6,14.424305555555556
1,0.38333333333333336
4,66.18263888888889
6,-60.24930555555556
3,0.6826388888888889
6,-0.6861111111111111
9,60.81944444444444
5,5.497916666666667
6,19.90277777777778
1,0.3402777777777778
3,4.659027777777778
6,0.7298611111111111
5,64.92708333333333
4,-31.07777777777778
1,0.5826388888888889
6,21.351388888888888
1,0.5791666666666667
6,31.014583333333334
1,0.4166666666666667
3,5.582638888888889
6,1.3958333333333333
4,20.13125
3,13.499305555555555
6,4.490277777777778
4,30.04375
1,0.39791666666666664
3,8.60138888888889
4,17.369444444444444
5,39.050694444444446
6,-55.920138888888886
15,0.0
15,0.0
15,0.0
15,0.0006944444444444445
15,0.0
15,0.0
15,0.0
15,0.0
15,0.0
15,0.0
6,0.0
15,0.0006944444444444445
6,0.0
15,0.0006944444444444445
15,0.0
15,0.0
15,0.0
15,0.0
15,0.0
15,0.0
15,0.0
15,0.0
15,0.0
15,0.0
6,0.0
6,0.0
15,0.9972222222222222
15,0.0
15,0.0
15,0.0
15,0.0
15,0.0
15,0.0
15,0.0
15,0.0006944444444444445
6,0.0
1,0.71875
2,0.011111111111111112
4,13.939583333333333
3,-3.670138888888889
6,-0.4986111111111111
1,0.4125
3,3.5868055555555554
6,3.4118055555555555
5,45.30763888888889
4,-43.23125
3,14.572916666666666
6,5.794444444444444
4,-5.426388888888889
1,0.5611111111111111
3,67.4798611111111
6,0.5479166666666667
4,51.13055555555555
1,0.4548611111111111
3,3.5444444444444443
6,4.513194444444444
4,6.923611111111111
3,7.34375
4,27.691666666666666
6,-27.322916666666668
1,0.37777777777777777
3,7.621527777777778
6,2.328472222222222
4,7.051388888888889
5,45.33888888888889
16,8.355555555555556
3,14.61736111111111
6,2.3944444444444444
4,0.0020833333333333333
5,48.32222222222222
3,1.3597222222222223
4,1.4013888888888888
5,25.1
6,-26.127083333333335
1,0.44722222222222224
2,0.04375
4,14.099305555555556
3,-7.549305555555556
5,65.675
9,-13.081944444444444
6,-52.990972222222226
3,6.366666666666666
6,1.0069444444444444
5,58.41458333333333
4,-45.77708333333333
4,21.175
3,-1.7138888888888888
5,102.04166666666667
9,-99.28194444444445
6,-8.274305555555555
1,0.4041666666666667
3,5.595138888888889
4,34.75972222222222
6,-34.35625
5,57.018055555555556
1,0.36666666666666664
3,3.6326388888888888
6,1.301388888888889
4,27.21875
5,16.199305555555554
1,0.4597222222222222
3,18.539583333333333
6,1.5520833333333333
4,19.99375
1,0.43680555555555556
3,15.5625
6,3.4881944444444444
4,9.991666666666667
9,30.931944444444444
3,3.5861111111111112
6,0.38680555555555557
4,10.011111111111111
5,39.60208333333333
1,0.42777777777777776
2,0.011805555555555555
3,1.5597222222222222
4,5.698611111111111
6,-3.1666666666666665
5,80.16527777777777
1,0.6493055555555556
2,21.75138888888889
6,28.961805555555557
1,101.36875
7,0.14930555555555555
13,0.0
3,1.5229166666666667
6,13.315972222222221
5,44.359027777777776
9,-6.250694444444444
4,-10.099305555555556
1,0.6902777777777778
4,63.97152777777778
3,-21.620833333333334
8,11.379166666666666
13,0.0
6,0.002777777777777778
6,-11.858333333333333
9,31.888194444444444
1,0.6854166666666667
6,26.008333333333333
3,3.3055555555555554
4,46.54097222222222
16,0.09236111111111112
1,1.46875
6,2.95
6,7.1090277777777775
2,1.8618055555555555
3,13.611805555555556
6,3.673611111111111
4,8.759722222222223
9,7.013888888888889
1,0.3784722222222222
3,1.6208333333333333
4,5.324305555555555
8,-1.7680555555555555
5,17.064583333333335
3,-13.620833333333334
6,3.7319444444444443
9,0.36666666666666664
4,1.5
3,1.4013888888888888
6,0.7319444444444444
9,0.36180555555555555
4,2.3819444444444446
6,-14.13125
11,21.655555555555555
12,0.5291666666666667
5,2.1486111111111112
5,7.702083333333333
3,4.509722222222222
6,0.39791666666666664
5,80.64375
4,-70.50972222222222
4,67.92986111111111
3,-33.53680555555555
6,-30.1
5,79.82013888888889
4,27.981944444444444
3,-4.652083333333334
6,-9.500694444444445
15,0.0
15,0.0
15,0.0
15,0.0
15,0.0
15,0.0
15,0.0
15,0.0
6,0.0
15,0.0006944444444444445
15,0.0
15,0.0
15,0.0
15,0.0
15,0.0
15,0.0
15,0.0
15,0.0
15,0.0
6,0.0
6,0.0
1,0.22291666666666668
2,0.23194444444444445
4,6.186805555555556
3,-0.6423611111111112
6,-0.5916666666666667
1,0.8631944444444445
3,6.136111111111111
8,1.3888888888888888
6,0.004166666666666667
4,34.19583333333333
9,13.908333333333333
1,1.3631944444444444
3,52.63611111111111
6,4.725694444444445
5,66.31597222222223
4,-44.550694444444446
1,0.18680555555555556
2,0.27569444444444446
4,12.969444444444445
3,-7.432638888888889
6,-0.5861111111111111
3,4.5125
6,2.4652777777777777
4,32.09513888888889
1,0.5055555555555555
6,82.88819444444445
1,0.3729166666666667
3,1.6263888888888889
5,22.656944444444445
6,-21.929861111111112
9,0.3659722222222222
4,-0.6291666666666667
4,20.23611111111111
3,-4.638194444444444
5,42.739583333333336
9,-36.28333333333333
6,-6.825
1,0.3298611111111111
3,0.6694444444444444
6,0.7291666666666666
4,5.892361111111111
7,0.8645833333333334
9,0.0
5,44.204861111111114
1,0.5673611111111111
2,0.8875
3,14.403472222222222
4,3.622916666666667
6,-3.191666666666667
1,0.3798611111111111
3,5.6194444444444445
6,0.7979166666666667
4,11.602777777777778
9,0.6951388888888889
1,0.4013888888888889
3,4.597916666666666
4,33.6875
6,-32.30694444444445
9,88.00763888888889
5,10.328472222222222
1,1.3305555555555555
3,3.66875
6,3.3604166666666666
13,0.04097222222222222
11,16.59861111111111
5,28.69097222222222
12,-23.933333333333334
9,0.33958333333333335
4,-4.90625
5,50.229166666666664
1,0.33541666666666664
6,3.395138888888889
3,3.26875
4,27.596527777777776
5,17.822916666666668
8,0.003472222222222222
8,2.9305555555555554
6,7.929166666666666
3,13.352083333333333
6,1.5326388888888889
5,105.16388888888889
9,-86.95625
4,-14.25763888888889
1,0.38472222222222224
3,5.614583333333333
6,0.7354166666666667
4,0.5722222222222222
3,11.471527777777778
4,9.514583333333333
6,-4.926388888888889
1,0.43125
3,1.5680555555555555
6,4.370833333333334
4,26.270138888888887
1,1.707638888888889
3,9.291666666666666
4,20.554861111111112
6,-20.145833333333332
5,71.01388888888889
1,0.8875
4,6.657638888888889
3,-1.5458333333333334
5,23.691666666666666
6,-24.114583333333332
40,1.4402777777777778
1,0.009027777777777777
7,6.816666666666666
6,17.131944444444443
1,0.3194444444444444
4,5.439583333333333
3,-2.7597222222222224
6,-0.26666666666666666
5,33.985416666666666
1,0.4395833333333333
6,22.22361111111111
2,4.9527777777777775
4,15.913194444444445
3,-5.488888888888889
6,-0.3861111111111111
9,27.72222222222222
1,0.49444444444444446
3,22.50486111111111
4,7.397222222222222
6,-3.9756944444444446
5,59.99861111111111
1,0.4152777777777778
2,0.024305555555555556
3,1.5597222222222222
4,5.69375
6,-5.214583333333334
1,0.30833333333333335
3,1.6909722222222223
6,4.731944444444444
4,-1.3180555555555555
9,1.6861111111111111
5,35.61944444444445
1,0.6819444444444445
2,1.8618055555555555
3,13.611805555555556
6,3.673611111111111
4,8.759722222222223
9,7.013888888888889
1,0.575
3,9.424305555555556
4,27.40972222222222
6,-26.729166666666668
1,0.9777777777777777
2,0.025694444444444443
4,47.50972222222222
3,-41.513888888888886
5,80.04166666666667
6,-80.54097222222222
1,0.22291666666666668
2,0.18611111111111112
16,0.1951388888888889
3,20.395138888888887
22,3.5875
4,0.9590277777777778
6,-0.9506944444444444
9,30.87986111111111
1,0.4027777777777778
2,0.175
3,13.421527777777778
6,3.5770833333333334
4,27.944444444444443
1,0.41180555555555554
3,0.5875
4,16.632638888888888
6,-14.124305555555555
5,49.15416666666667
6,10.964583333333334
1,0.39305555555555555
3,8.60625
4,43.69444444444444
6,-23.01597222222222
1,0.33819444444444446
3,0.6611111111111111
4,10.579166666666667
6,-9.847222222222221
9,16.679861111111112
1,0.3875
3,3.6118055555555557
4,27.566666666666666
5,17.854861111111113
6,-43.68819444444444
1,0.35
3,0.6493055555555556
4,3.5104166666666665
5,16.949305555555554
6,-17.727777777777778
1,0.4173611111111111
2,0.022222222222222223
4,37.135416666666664
3,-7.575694444444444
6,-2.325
15,0.0
15,0.0
15,0.0
15,0.0
15,0.0
15,0.0
15,0.0
15,0.0
15,0.0
15,0.0
6,0.0
15,0.0006944444444444445
15,0.0
15,0.0
15,0.0
15,0.0
15,0.0
15,0.0
6,0.0
15,0.002777777777777778
15,0.0
15,0.0
15,0.0
15,0.0
6,0.0
15,0.0006944444444444445
15,0.0
15,0.0
15,0.0
15,0.0
6,0.0
15,0.9958333333333333
15,0.0
15,0.0
15,0.0
15,0.0
15,0.0
15,0.0
6,0.0
8,2.7618055555555556
7,57.06805555555555
3,2.640972222222222
6,0.38333333333333336
4,14.013194444444444
1,0.3298611111111111
7,0.22916666666666666
3,0.44027777777777777
4,39.58125
6,-38.18680555555556
9,56.02986111111111
5,6.251388888888889
1,0.37916666666666665
3,3.620138888888889
6,2.3916666666666666
13,0.1451388888888889
4,28.016666666666666
1,0.5833333333333334
16,0.14097222222222222
1,3.4583333333333335
3,6.540972222222222
6,5.458333333333333
4,-2.917361111111111
9,3.1416666666666666
5,44.97986111111111
1,8.504166666666666
4,54.15486111111111
5,2.9972222222222222
6,-55.21805555555556
1,0.35555555555555557
3,6.64375
6,1.323611111111111
4,21.300694444444446
1,0.4479166666666667
7,1.1520833333333333
2,2.0347222222222223
3,6.40625
5,65.0
8,-63.4875
4,-1.1347222222222222
8,4.319444444444445
9,0.40555555555555556
13,0.2881944444444444
6,-0.7368055555555556
1,0.5395833333333333
8,0.1986111111111111
8,0.8965277777777778
2,0.0
6,15.811111111111112
1,0.23541666666666666
2,0.1736111111111111
3,1.5902777777777777
4,6.276388888888889
5,77.44305555555556
9,-63.238194444444446
6,-20.115972222222222
17,0.002777777777777778
1,0.3729166666666667
3,4.626388888888889
4,1.5090277777777779
5,29.153472222222224
11,-7.620833333333334
24,4.447916666666667
9,0.6395833333333333
6,-27.552777777777777
5,44.84444444444444
1,0.6513888888888889
2,0.017361111111111112
3,6.330555555555556
6,0.39652777777777776
4,3.113888888888889
1,0.42083333333333334
2,0.1798611111111111
3,5.398611111111111
4,1.5520833333333333
6,-1.1472222222222221
9,20.199305555555554
1,0.5993055555555555
3,3.441666666666667
4,34.59444444444444
3,-23.594444444444445
6,3.4833333333333334
6,-13.993055555555555
4,49.19027777777778
5,17.319444444444443
1,0.3840277777777778
3,2.6152777777777776
4,21.528472222222224
5,41.21111111111111
6,-59.35625
6,84.8638888888889
1,0.3194444444444444
6,2.4131944444444446
3,0.26666666666666666
5,33.71875
4,-30.959027777777777
1,0.4305555555555556
2,0.02013888888888889
4,14.270138888888889
3,-1.7215277777777778
5,70.71666666666667
9,-13.081944444444444
6,-58.07222222222222
1,1.38125
3,2.6180555555555554
6,4.403472222222222
5,31.252083333333335
4,-27.049305555555556
6,20.069444444444443
1,0.43472222222222223
3,15.60625
6,0.5465277777777777
4,35.16111111111111
5,34.949305555555554
1,0.6861111111111111
3,24.354861111111113
6,1.3173611111111112
4,25.021527777777777
5,27.31736111111111
1,0.3326388888888889
3,1.6666666666666667
4,28.316666666666666
5,28.33888888888889
6,-54.922916666666666
1,0.6090277777777777
3,6.3902777777777775
4,29.674305555555556
5,44.36736111111111
6,-67.37916666666666
6,31.919444444444444
1,1.4284722222222221
7,0.08888888888888889
6,20.852083333333333
3,8.629861111111111
4,16.78263888888889
5,16.93611111111111
1,0.4131944444444444
8,49.922222222222224
1,0.33055555555555555
7,0.12291666666666666
3,0.5458333333333333
11,0.0
6,3.363888888888889
4,49.1875
12,2.127083333333333
5,0.08402777777777778
4,0.7368055555555556
9,19.006944444444443
5,2.2375
3,17.573611111111113
4,9.513194444444444
6,-4.917361111111111
1,0.4111111111111111
3,10.588194444444444
4,33.571527777777774
6,-30.9375
9,48.77777777777778
3,21.389583333333334
6,1.4902777777777778
4,-0.9569444444444445
9,6.940972222222222
1,0.4888888888888889
2,0.013194444444444444
3,1.4972222222222222
4,5.688194444444444
5,77.00902777777777
3,-78.69722222222222
6,-1.4048611111111111
6,0.13958333333333334
4,86.78402777777778
5,0.13472222222222222
1,0.31527777777777777
3,2.6840277777777777
6,0.7298611111111111
5,61.94513888888889
9,-14.581944444444444
4,-19.594444444444445
1,0.45625
2,2.175
3,19.368055555555557
6,19.52986111111111
4,-9.779166666666667
9,9.961805555555555
40,0.35833333333333334
1,0.007638888888888889
1,0.30416666666666664
3,4.695138888888889
6,0.7319444444444444
4,28.925694444444446
1,6.829166666666667
4,24.005555555555556
3,-10.479861111111111
6,-4.520833333333333
3,8.572222222222223
6,2.4875
6,0.004861111111111111
5,31.226388888888888
4,-22.410416666666666
1,0.33402777777777776
3,2.665277777777778
4,19.509027777777778
5,43.145833333333336
6,-61.922222222222224
1,0.17916666666666667
2,0.26805555555555555
4,7.982638888888889
3,-3.4305555555555554
6,-0.5694444444444444
1,1.667361111111111
7,4.904861111111111
6,86.87013888888889
1,0.18680555555555556
2,0.27569444444444446
4,12.966666666666667
3,-7.429861111111111
6,-0.5861111111111111
1,0.6798611111111111
8,10.859027777777778
6,0.0125
1,0.5645833333333333
6,11.99375
3,10.440972222222221
3,10.0
11,0.0
4,15.45625
12,0.015277777777777777
5,0.0020833333333333333
4,0.003472222222222222
1,1.367361111111111
3,15.631944444444445
6,9.431944444444444
5,55.98888888888889
4,-41.77013888888889
1,0.43125
3,1.5680555555555555
4,30.64097222222222
6,-26.270138888888887
1,11.56875
6,15.965972222222222
6,8.229166666666666
4,13.922222222222222
3,-4.3694444444444445
5,106.04166666666667
6,-107.59861111111111
1,3.4458333333333333
4,51.21875
3,-24.665277777777778
5,95.04166666666667
6,-95.60763888888889
1,5.40625
6,16.163888888888888
3,0.42916666666666664
4,1.5013888888888889
3,1.5020833333333334
6,7.386805555555555
4,11.975
1,0.6256944444444444
2,0.009027777777777777
6,12.099305555555556
3,0.2652777777777778
4,23.540277777777778
1,1.363888888888889
3,1.6354166666666667
4,27.60763888888889
6,-26.216666666666665
9,60.709722222222226
5,2.553472222222222
3,3.4993055555555554
6,4.450694444444444
4,26.19236111111111
1,2.4006944444444445
3,13.640277777777778
6,9.634722222222223
4,-8.011805555555556
9,8.473611111111111
1,3.5027777777777778
8,1.9666666666666666
6,6.168055555555555
1,0.4173611111111111
6,75.09583333333333
1,0.6791666666666667
2,0.041666666666666664
3,6.278472222222222
4,23.49861111111111
5,49.22083333333333
6,-70.40138888888889
1,1.4423611111111112
6,16.01875
3,0.5798611111111112
4,1.1916666666666667
9,12.282638888888888
5,15.202777777777778
1,0.42569444444444443
3,0.5736111111111111
4,31.613194444444446
6,-6.166666666666667
1,0.5256944444444445
17,0.043055555555555555
2,0.016666666666666666
6,7.163888888888889
3,1.25
4,5.335416666666666
5,79.08611111111111
4,25.949305555555554
3,-9.60763888888889
6,-7.582638888888889
9,23.994444444444444
1,0.42916666666666664
2,0.010416666666666666
6,33.87986111111111
3,0.6798611111111111
4,7.588888888888889
1,0.32569444444444445
3,3.7152777777777777
6,3.390972222222222
5,34.98888888888889
9,-8.865972222222222
4,-15.927083333333334
6,53.83888888888889
1,0.6902777777777778
8,0.8625
1,0.51875
3,11.480555555555556
4,29.608333333333334
6,-29.19097222222222
9,34.295138888888886
1,0.48680555555555555
8,14.81875
6,0.0006944444444444445
3,0.6930555555555555
4,5.468055555555556
1,0.1763888888888889
2,0.3736111111111111
4,11.239583333333334
3,-5.790277777777778
6,-0.6
4,7.053472222222222
9,44.270833333333336
1,4.370833333333334
6,2.359722222222222
3,0.26875
4,3.65
5,66.07013888888889
1,1.351388888888889
3,0.6479166666666667
4,1.3659722222222221
6,-0.6354166666666666
5,22.84375
1,0.46597222222222223
3,18.575
4,35.575
6,-32.87152777777778
5,55.953472222222224
1,0.7013888888888888
3,27.339583333333334
6,0.5465277777777777
5,50.107638888888886
4,-6.059027777777778
1,0.5284722222222222
2,0.017361111111111112
4,14.118055555555555
3,-2.6645833333333333
6,-0.4222222222222222
9,8.903472222222222
5,63.238194444444446
4,27.196527777777778
3,-3.6354166666666665
6,-8.475
9,15.916666666666666
1,0.6645833333333333
6,35.05555555555556
6,7.889583333333333
3,0.3819444444444444
5,56.65555555555556
4,-40.30555555555556
1,3.3291666666666666
4,48.392361111111114
3,-32.72222222222222
6,-8.36111111111111
6,0.0
6,0.0
15,0.0
15,0.0
20,57.02638888888889
3,41.59930555555555
6,1.586111111111111
4,-0.8444444444444444
9,1.354861111111111
20,4.904861111111111
1,0.19236111111111112
2,0.5340277777777778
6,3.6944444444444446
3,4.636111111111111
6,0.3034722222222222
5,44.416666666666664
4,-44.169444444444444
3,10.540277777777778
4,17.560416666666665
6,-15.067361111111111
6,18.85625
3,3.517361111111111
4,41.53125
9,2.8534722222222224
1,0.3729166666666667
3,1.6263888888888889
6,1.7326388888888888
5,40.986111111111114
4,-29.052083333333332
1,0.41805555555555557
2,0.021527777777777778
4,9.097916666666666
3,-6.538194444444445
6,1.7041666666666666
3,3.2958333333333334
6,-5.377083333333333
4,6.982638888888889
9,4.697916666666667
1,0.3840277777777778
2,0.016666666666666666
4,8.322916666666666
3,-1.7243055555555555
6,-0.6180555555555556
1,0.49027777777777776
6,8.870833333333334
3,18.638194444444444
5,66.42152777777778
4,-44.94097222222222
3,5.579166666666667
4,29.46736111111111
5,3.029861111111111
6,-30.933333333333334
1,0.4236111111111111
2,0.027777777777777776
4,22.025
3,-14.477083333333333
6,-0.4041666666666667
9,49.87986111111111
17,23.904166666666665
17,0.1625
3,47.31736111111111
17,0.5298611111111111
1,0.0
17,0.05625
4,0.027777777777777776
6,26.604166666666668
3,0.6861111111111111
4,1.38125
5,91.66041666666666
1,0.6694444444444444
6,18.844444444444445
3,1.4854166666666666
4,17.466666666666665
1,1.3388888888888888
3,3.660416666666667
4,21.50138888888889
6,-21.175694444444446
5,48.41388888888889
1,1.4513888888888888
6,18.95486111111111
3,0.6347222222222222
4,34.55138888888889
5,30.102777777777778
4,78.90833333333333
3,-56.452777777777776
6,-1.1
1,0.42777777777777776
2,0.04375
3,12.527777777777779
6,1.3215277777777779
5,59.39791666666667
9,-0.2013888888888889
4,-57.799305555555556
1,0.4326388888888889
8,2.1791666666666667
3,19.429166666666667
4,7.517361111111111
6,-6.865972222222222
9,51.94166666666667
5,13.08125
1,0.34305555555555556
3,1.65625
6,1.7277777777777779
4,16.906944444444445
5,24.104861111111113
1,0.2423611111111111
8,1.4826388888888888
3,12.274305555555555
4,85.53472222222223
6,-84.8125
1,0.4305555555555556
2,0.029861111111111113
4,14.138194444444444
3,-6.5993055555555555
6,-4.688194444444444
1,0.5118055555555555
6,3.8847222222222224
11,0.6027777777777777
3,0.0
5,30.0
12,-19.305555555555557
4,0.7777777777777778
4,-8.811805555555555
5,30.994444444444444
1,0.4597222222222222
6,7.233333333333333
1,0.5361111111111111
6,49.91388888888889
1,1.3895833333333334
3,8.651388888888889
6,0.3055555555555556
4,34.24375
5,30.10763888888889
1,0.5368055555555555
8,9.077777777777778
4,11.950694444444444
3,-0.5243055555555556
6,-0.3659722222222222
1,0.48680555555555555
6,15.011805555555556
3,9.500694444444445
4,4.652083333333334
3,25.460416666666667
6,4.541666666666667
4,6.051388888888889
3,14.360416666666667
4,6.425
5,95.61666666666666
9,-92.28541666666666
6,-7.2131944444444445
1,0.6590277777777778
3,17.34027777777778
4,27.507638888888888
6,-27.097916666666666
9,28.004166666666666
5,17.006944444444443
3,51.59166666666667
8,1.2979166666666666
7,3.311111111111111
4,36.96944444444444
6,-36.2
9,38.30416666666667
1,1.6027777777777779
3,10.438194444444445
6,0.49722222222222223
20,0.0
6,0.0006944444444444445
4,25.089583333333334
5,31.4125
1,0.38055555555555554
3,3.61875
4,32.59513888888889
6,-30.278472222222224
5,52.41041666666667
1,0.46458333333333335
3,3.5347222222222223
6,1.7347222222222223
5,37.265277777777776
4,-35.49027777777778
1,0.41388888888888886
8,0.3909722222222222
3,10.194444444444445
6,3.3555555555555556
4,-2.670138888888889
9,3.4145833333333333
5,97.94166666666666
3,21.196527777777778
4,0.4798611111111111
6,3.8854166666666665
9,0.7159722222222222
2,1.7201388888888889
3,13.631944444444445
6,6.4534722222222225
4,5.959722222222222
9,10.14236111111111
1,0.4597222222222222
6,4.260416666666667
6,23.122916666666665
3,0.6020833333333333
6,2.28125
5,22.222916666666666
4,-19.87152777777778
3,21.428472222222222
4,1.6159722222222221
6,-1.0909722222222222
4,19.659027777777776
3,-4.379166666666666
5,69.71944444444445
9,-56.61736111111111
6,-16.521527777777777
1,0.6069444444444444
2,0.1125
3,9.321527777777778
4,37.578472222222224
6,-34.077083333333334
3,21.34513888888889
6,4.315277777777778
4,27.278472222222224
3,6.591666666666667
6,0.5534722222222223
4,2.066666666666667
5,113.42152777777778
1,1.5902777777777777
16,0.0
3,4.504861111111111
6,2.736111111111111
5,79.98333333333333
4,-62.321527777777774
16,0.01597222222222222
1,0.33541666666666664
3,0.6638888888888889
6,0.7451388888888889
5,7.632638888888889
4,-3.816666666666667
1,0.7569444444444444
3,13.284027777777778
4,26.641666666666666
5,31.358333333333334
6,-57.52152777777778
4,14.284027777777778
3,-4.689583333333333
6,-0.42777777777777776
40,0.6555555555555556
1,0.0
1,0.3958333333333333
3,16.645138888888887
6,2.7625
4,34.65138888888889
8,0.9298611111111111
6,16.120833333333334
1,0.6263888888888889
3,24.49513888888889
4,12.474305555555556
6,-8.102083333333333
15,0.0
15,0.0
15,0.0
15,0.0
15,0.0
15,0.0
15,0.0
15,0.0
15,0.0
6,0.0
1,0.3951388888888889
3,20.604166666666668
6,2.372916666666667
4,-1.8854166666666667
9,2.602777777777778
1,0.46041666666666664
2,0.2375
7,10.89861111111111
6,81.0625
3,0.3819444444444444
4,29.49861111111111
9,4.213888888888889
3,5.482638888888889
4,1.7152777777777777
5,63.00486111111111
9,-43.955555555555556
6,-20.072916666666668
3,1.5305555555555554
4,25.761805555555554
6,-22.45138888888889
5,51.40972222222222
6,0.0006944444444444445
3,1.6180555555555556
6,2.657638888888889
5,38.80416666666667
4,-30.955555555555556
6,14.128472222222221
3,1.3694444444444445
4,13.479166666666666
4,36.0375
3,-5.489583333333333
6,-3.6104166666666666
1,1.3840277777777779
4,31.40486111111111
3,-29.747916666666665
5,37.38125
6,-37.65069444444445
1,1.3854166666666667
3,28.613888888888887
6,0.5631944444444444
4,0.9659722222222222
1,0.6256944444444444
6,42.952777777777776
1,1.3145833333333334
3,21.684722222222224
4,3.327777777777778
6,-0.5923611111111111
4,31.946527777777778
3,-9.411805555555556
6,-1.2895833333333333
1,0.6027777777777777
7,0.004861111111111111
6,103.90625
1,2.6416666666666666
7,5.973611111111111
3,7.425694444444445
6,1.4388888888888889
4,34.261805555555554
1,0.5659722222222222
4,13.979166666666666
3,-4.545833333333333
6,-0.49722222222222223
5,7.875694444444444
1,0.5902777777777778
4,36.03541666666667
3,-5.458333333333333
6,-3.604861111111111
1,0.37916666666666665
3,2.620138888888889
5,41.459722222222226
6,-38.0
9,1.6416666666666666
4,-2.6944444444444446
1,0.5229166666666667
3,27.476388888888888
6,2.392361111111111
4,24.280555555555555
9,6.93125
2,0.0
6,7.122222222222222
3,7.533333333333333
4,10.590277777777779
1,0.31875
6,3.4118055555555555
3,0.26875
4,48.43680555555556
5,10.220138888888888
8,36.77986111111111
3,0.6548611111111111
4,24.630555555555556
6,-10.911111111111111
9,40.77777777777778
5,0.17847222222222223
1,0.42291666666666666
2,2.0479166666666666
3,13.528472222222222
6,2.4659722222222222
4,17.99652777777778
17,0.017361111111111112
16,1.7805555555555554
1,0.3861111111111111
3,5.613194444444445
6,0.38333333333333336
5,43.03680555555555
4,-36.77708333333333
40,0.45208333333333334
1,0.01875
4,34.979166666666664
3,-2.4506944444444443
6,-0.44930555555555557
1,0.36666666666666664
3,3.6326388888888888
6,1.3069444444444445
5,43.4125
4,-16.199305555555554
6,26.976388888888888
3,3.5972222222222223
4,5.4631944444444445
1,0.21666666666666667
3,11.782638888888888
4,5.695138888888889
5,77.00208333333333
9,-69.93680555555555
6,-10.100694444444445
1,0.5048611111111111
8,11.184722222222222
3,2.3097222222222222
6,0.5604166666666667
4,33.96805555555556
1,0.375
6,2.3493055555555555
3,-0.725
4,-0.2125
9,1.30625
1,0.43125
3,1.5680555555555555
4,30.64097222222222
6,-26.270138888888887
1,0.3625
6,7.370138888888889
3,0.26666666666666666
4,8.693055555555556
6,7.829861111111111
3,10.511805555555556
5,60.72083333333333
4,-51.328472222222224
1,0.18194444444444444
2,0.2652777777777778
6,5.034722222222222
3,0.5173611111111112
4,2.4493055555555556
2,1.2
4,26.924305555555556
3,-3.5791666666666666
6,-0.37222222222222223
1,0.34652777777777777
3,0.6527777777777778
6,1.3854166666666667
5,35.334722222222226
4,-27.113194444444446
1,1.4083333333333334
2,2.091666666666667
6,34.28402777777778
1,0.3659722222222222
6,2.3645833333333335
3,-0.73125
4,-0.21944444444444444
9,1.3166666666666667
1,0.42083333333333334
2,0.029861111111111113
4,7.136111111111111
3,-3.5875
6,-0.30694444444444446
9,54.78263888888889
6,6.9944444444444445
3,4.569444444444445
5,37.38125
4,-22.728472222222223
1,1.6756944444444444
3,32.36527777777778
4,2.597916666666667
6,-2.1659722222222224
1,0.64375
4,32.074305555555554
3,-24.71875
5,56.0
6,-56.45902777777778
1,0.5763888888888888
3,21.422916666666666
6,4.525
5,86.51666666666667
4,-46.375
3,6.615972222222222
6,1.5104166666666667
4,44.19375
5,42.3375
6,7.0680555555555555
3,11.27361111111111
5,60.72083333333333
4,-51.328472222222224
1,0.7576388888888889
4,43.74583333333333
3,-27.504166666666666
6,-1.34375
9,34.700694444444444
3,5.561805555555556
4,0.47638888888888886
6,2.433333333333333
9,0.17916666666666667
5,21.91111111111111
6,0.0
15,0.0
19,4.7243055555555555
17,0.004861111111111111
1,0.46041666666666664
4,25.97013888888889
3,-9.43125
6,-1.2881944444444444
1,0.5493055555555556
2,0.004861111111111111
6,14.854166666666666
3,0.5909722222222222
4,27.56597222222222
17,0.06875
3,10.478472222222223
6,0.5201388888888889
4,7.917361111111111
1,0.38333333333333336
3,4.615972222222222
6,1.2930555555555556
5,50.361805555555556
4,-43.015277777777776
1,0.49375
3,12.505555555555556
6,1.4208333333333334
4,35.03333333333333
9,6.957638888888889
1,1.332638888888889
3,1.6666666666666667
4,1.5173611111111112
6,-0.78125
5,42.983333333333334
2,0.08611111111111111
4,11.868055555555555
3,-6.596527777777778
6,-0.6694444444444444
6,34.94097222222222
6,47.89513888888889
3,8.52361111111111
4,1.56875
6,-0.6923611111111111
1,0.5388888888888889
2,0.07222222222222222
3,13.388194444444444
4,15.597222222222221
6,-15.284722222222221
1,0.3159722222222222
4,3.160416666666667
3,-0.47708333333333336
6,-1.2694444444444444
5,21.84375
3,8.368055555555555
4,6.497222222222222
6,-6.055555555555555
9,11.322916666666666
5,80.27708333333334
6,29.271527777777777
1,0.37916666666666665
3,3.620138888888889
4,30.553472222222222
6,-28.161805555555556
1,0.35625
3,0.6430555555555556
5,26.654166666666665
4,-24.0875
9,1.53125
6,-0.3625
1,0.4375
2,0.043055555555555555
6,11.25625
3,0.2625
4,5.6618055555555555
9,6.819444444444445
5,63.238194444444446
1,0.3263888888888889
3,2.6729166666666666
4,2.6444444444444444
6,0.08055555555555556
9,0.37222222222222223
5,16.643055555555556
3,5.545138888888889
5,22.647916666666667
6,-21.066666666666666
9,0.17847222222222223
4,-1.3527777777777779
1,1.4326388888888888
3,10.566666666666666
6,3.4166666666666665
5,115.27986111111112
4,-112.21527777777777
3,13.444444444444445
4,15.422916666666667
5,29.233333333333334
6,-43.239583333333336
1,0.3347222222222222
6,32.34513888888889
1,0.5
2,0.03263888888888889
6,4.870833333333334
3,0.5958333333333333
5,114.04166666666667
4,-108.65833333333333
7,0.8680555555555556
6,14.239583333333334
3,2.38125
5,98.04166666666667
4,-95.30486111111111
3,3.5194444444444444
4,33.47708333333333
6,-30.89236111111111
5,59.071527777777774
1,0.5333333333333333
2,0.12986111111111112
3,12.33611111111111
6,0.3263888888888889
4,3.3743055555555554
1,0.69375
6,49.05
1,3.759027777777778
8,13.720833333333333
6,8.88125
3,17.679861111111112
4,27.439583333333335
5,24.172916666666666
6,6.236805555555556
3,1.1972222222222222
4,5.475694444444445
3,1.3611111111111112
6,0.37569444444444444
5,26.125694444444445
4,-25.072222222222223
13,56.15347222222222
13,5.985416666666667
8,0.006944444444444444
6,9.20486111111111
3,9.270138888888889
4,9.604166666666666
1,0.6701388888888888
3,18.370833333333334
6,1.4041666666666666
4,35.325
1,1.3979166666666667
3,1.601388888888889
6,1.3340277777777778
4,42.35208333333333
1,0.3541666666666667
8,32.1
6,2.321527777777778
1,1.3604166666666666
3,3.638888888888889
4,24.493055555555557
5,24.1625
6,-45.33125
1,1.2534722222222223
2,0.1701388888888889
3,20.575694444444444
6,0.46597222222222223
4,3.2847222222222223
6,42.96736111111111
1,1.7069444444444444
8,2.8965277777777776
3,7.395833333333333
4,38.66319444444444
5,42.37847222222222
6,-80.52569444444444
1,0.3333333333333333
6,6.410416666666666
3,4.2555555555555555
5,59.420833333333334
4,-20.869444444444444
1,0.39166666666666666
3,5.607638888888889
4,14.658333333333333
6,-13.131944444444445
9,89.93541666666667
1,3.598611111111111
16,7.0625
1,1.4979166666666666
3,25.50138888888889
6,0.41180555555555554
4,27.079166666666666
9,43.99791666666667
5,1.1423611111111112
1,0.3020833333333333
3,0.6972222222222222
4,4.444444444444445
5,24.209722222222222
6,-27.306944444444444
1,0.4534722222222222
8,17.220833333333335
3,24.366666666666667
6,4.4118055555555555
4,37.21527777777778
1,0.5041666666666667
17,4.907638888888889
2,0.04236111111111111
6,6.9625
3,5.582638888888889
4,0.48333333333333334
5,101.55833333333334
3,1.3423611111111111
4,6.445138888888889
6,-5.675694444444445
9,33.984027777777776
5,90.94305555555556
1,0.4326388888888889
3,22.608333333333334
4,6.477083333333334
8,-5.084027777777778
6,-1.0118055555555556
9,51.21180555555556
5,13.08125
1,0.33611111111111114
6,3.411111111111111
3,0.2520833333333333
4,34.46111111111111
5,10.195833333333333
2,0.8826388888888889
4,58.00555555555555
3,-45.37361111111111
6,-0.3597222222222222
6,24.094444444444445
3,6.479166666666667
4,5.49375
1,0.37777777777777777
3,3.6215277777777777
4,13.404166666666667
5,24.315277777777776
6,-36.979166666666664
1,0.41458333333333336
3,16.584722222222222
4,19.416666666666668
6,-15.696527777777778
5,92.97708333333334
1,1.2006944444444445
2,0.27847222222222223
6,15.050694444444444
3,0.46944444444444444
4,2.686111111111111
16,0.027777777777777776
11,3.6625
3,0.0
4,37.65625
6,-35.24375
9,38.93402777777778
12,9.23263888888889
5,0.0006944444444444445
4,2.109027777777778
9,2.9458333333333333
5,3.0208333333333335
3,6.59375
5,42.71875
6,-37.172222222222224
9,0.5423611111111111
4,-4.838888888888889
1,0.33194444444444443
3,1.667361111111111
4,9.584027777777777
6,-3.839583333333333
5,12.903472222222222
1,1.3715277777777777
3,3.6277777777777778
4,27.70486111111111
5,35.03472222222222
6,-59.39375
6,14.427083333333334
1,0.35555555555555557
3,0.64375
4,6.480555555555555
6,-0.7479166666666667
5,0.9722222222222222
3,15.503472222222221
4,5.486111111111111
6,-5.032638888888889
1,0.3368055555555556
8,0.035416666666666666
3,0.6270833333333333
4,37.7375
6,-32.013194444444444
9,89.72291666666666
5,2.296527777777778
8,5.793055555555555
8,43.91388888888889
1,0.32708333333333334
7,0.15069444444444444
3,1.5215277777777778
4,52.43194444444445
6,-49.015972222222224
9,59.013194444444444
5,0.22777777777777777
1,0.7354166666666667
3,19.26388888888889
6,0.5138888888888888
5,51.204861111111114
7,-13.104861111111111
9,0.0006944444444444445
4,-3.025
1,0.40902777777777777
7,1.0354166666666667
4,32.10625
3,-10.551388888888889
6,-0.43472222222222223
1,0.6083333333333333
6,62.75277777777778
1,0.4152777777777778
6,34.98125
6,0.5736111111111111
3,1.6729166666666666
5,40.66736111111111
4,-34.06527777777778
1,0.7333333333333333
3,50.30763888888889
4,3.6354166666666665
6,-0.08680555555555555
1,0.3472222222222222
3,2.652083333333333
4,49.696527777777774
6,-48.96458333333333
5,61.923611111111114
1,0.6701388888888888
8,41.016666666666666
6,14.865277777777777
6,0.2791666666666667
8,10.705555555555556
6,0.006944444444444444
4,83.22569444444444
3,-67.63958333333333
6,-4.557638888888889
1,0.3659722222222222
3,1.6333333333333333
6,0.7729166666666667
4,18.709722222222222
5,24.51736111111111
1,0.375
3,1.6243055555555554
4,10.499305555555555
5,10.227777777777778
6,-19.99652777777778
1,0.3173611111111111
4,27.244444444444444
3,-21.5625
5,43.422916666666666
6,-45.12361111111111
3,6.3180555555555555
6,0.6506944444444445
15,0.0
5,21.051388888888887
4,-7.230555555555555
1,1.3354166666666667
3,0.6638888888888889
6,1.3027777777777778
4,6.225694444444445
5,16.93263888888889
6,0.11736111111111111
1,0.45
6,40.95625
1,0.5888888888888889
3,14.452083333333333
6,5.358333333333333
4,-4.172916666666667
9,4.917361111111111
5,59.897222222222226
3,35.49583333333333
6,1.56875
4,5.028472222222222
1,3.6381944444444443
3,7.361111111111111
4,4.6097222222222225
5,64.10833333333333
6,-65.35208333333334
1,6.436111111111111
8,0.001388888888888889
8,1.2118055555555556
3,41.391666666666666
6,2.3916666666666666
4,1.1590277777777778
9,6.004861111111111
5,35.09861111111111
4,8.109722222222222
3,-4.629166666666666
6,-2.5131944444444443
1,0.38680555555555557
3,21.6125
6,0.5715277777777777
4,26.979861111111113
1,6.483333333333333
3,8.515972222222222
4,4.725
6,-1.332638888888889
1,0.5513888888888889
4,4.895138888888889
3,-0.44722222222222224
6,-0.46875
5,10.847916666666666
3,3.573611111111111
6,0.5229166666666667
5,20.9375
4,-17.840972222222224
4,37.75763888888889
3,-17.36875
6,-1.4208333333333334
6,20.04652777777778
4,56.08402777777778
3,-39.65069444444445
6,-1.4333333333333333
9,56.93055555555556
1,0.3375
3,1.6618055555555555
5,36.0
6,-35.24166666666667
9,0.33611111111111114
4,-0.4597222222222222
1,15.321527777777778
4,6.945833333333334
3,-0.26805555555555555
6,-3.6104166666666666
5,13.046527777777778
1,0.9465277777777777
2,0.005555555555555556
3,14.047222222222222
4,33.605555555555554
5,38.43611111111111
6,-71.72152777777778
6,7.894444444444445
3,0.3770833333333333
4,16.35
5,40.30555555555556
1,0.34305555555555556
17,0.04652777777777778
8,47.2
6,0.21388888888888888
3,1.9652777777777777
4,27.59236111111111
2,2.092361111111111
3,13.3875
4,14.379166666666666
6,-8.797916666666667
9,9.51875
2,0.19444444444444445
4,35.78263888888889
3,-5.4375
6,-0.5173611111111112
6,6.085416666666666
3,9.556944444444444
3,9.0
11,0.0
4,2.525
12,20.023611111111112
9,0.5402777777777777
4,0.6138888888888889
5,1.7590277777777779
6,15.065972222222221
3,2.4118055555555555
4,12.442361111111111
7,2.9145833333333333
4,77.23402777777778
3,-41.53125
6,-22.428472222222222
9,66.81319444444445
1,0.5104166666666666
2,2.923611111111111
3,1.5652777777777778
4,21.495833333333334
6,-20.006944444444443
9,66.85625
5,3.317361111111111
1,1.3083333333333333
2,0.175
3,7.5159722222222225
6,0.4666666666666667
4,23.983333333333334
4,20.156944444444445
3,-3.640277777777778
6,-3.4555555555555557
1,0.38055555555555554
5,49.3375
3,-47.71875
6,3.4854166666666666
9,0.6138888888888889
4,-4.302083333333333
1,0.31666666666666665
7,0.09166666666666666
6,14.332638888888889
1,1.6465277777777778
6,8.740277777777777
1,0.4340277777777778
2,0.3
4,9.026388888888889
3,-3.761111111111111
5,65.71944444444445
3,-64.71944444444445
6,-1.429861111111111
4,7.9430555555555555
9,58.00486111111111
6,-65.19652777777777
17,0.9215277777777777
7,27.8
1,0.31180555555555556
3,5.6875
6,1.4243055555555555
4,44.886805555555554
9,4.113194444444445
5,6.25
3,24.464583333333334
4,5.6402777777777775
6,-4.157638888888889
1,0.37222222222222223
3,3.66875
6,0.7305555555555555
4,2.5305555555555554
5,27.416666666666668
1,0.39375
2,0.01597222222222222
6,12.207638888888889
3,0.3819444444444444
4,30.589583333333334
6,7.995833333333334
3,1.5569444444444445
4,4.3694444444444445
5,101.67222222222222
6,24.094444444444445
3,6.479166666666667
4,5.49375
1,0.5277777777777778
2,0.018055555555555554
3,3.453472222222222
6,0.3125
5,79.40694444444445
9,-63.238194444444446
4,-14.071527777777778
3,0.4409722222222222
6,0.5708333333333333
4,67.12638888888888
1,0.34305555555555556
3,1.65625
4,18.634722222222223
5,24.104861111111113
6,-41.011805555555554
17,0.015277777777777777
4,4.865972222222222
3,-1.3784722222222223
5,30.647916666666667
6,-34.02152777777778
1,0.3875
3,3.6118055555555557
6,1.7333333333333334
4,25.833333333333332
5,17.854861111111113
6,2.004166666666667
3,0.5472222222222223
4,16.568055555555556
1,0.42083333333333334
6,16.99513888888889
3,0.5833333333333334
4,13.536111111111111
5,27.18263888888889
6,16.995833333333334
1,0.5597222222222222
6,13.995138888888889
3,18.444444444444443
4,41.53125
9,2.8534722222222224
1,7.354166666666667
6,1.9902777777777778
5,22.115972222222222
4,-17.894444444444446
4,20.95486111111111
3,-4.360416666666667
6,-8.424305555555556
9,118.0826388888889
5,2.0395833333333333
6,16.05
3,0.40208333333333335
4,6.696527777777778
9,14.639583333333333
1,3.502083333333333
6,6.894444444444445
11,0.6027777777777777
3,0.0
4,2.660416666666667
12,8.034027777777778
4,0.7777777777777778
5,18.52777777777778
5,3.654861111111111
1,1.354861111111111
3,1.6444444444444444
6,0.3145833333333333
5,57.37708333333333
4,-1.9083333333333334
3,0.24861111111111112
4,17.339583333333334
6,-15.689583333333333
8,10.977083333333333
3,24.540972222222223
4,16.789583333333333
5,24.631944444444443
6,-38.94166666666667
6,7.104861111111111
3,3.4097222222222223
5,42.422222222222224
4,-21.900694444444444
3,3.557638888888889
4,33.520833333333336
6,-22.916666666666668
1,0.3888888888888889
3,7.610416666666667
4,11.4625
6,-10.7375
1,0.31527777777777777
4,55.40763888888889
3,-5.723611111111111
6,-0.2659722222222222
1,0.19722222222222222
2,0.25069444444444444
16,4.013888888888889
1,0.36944444444444446
3,1.6298611111111112
6,1.2986111111111112
4,10.266666666666667
5,66.15486111111112
6,19.30625
3,0.2222222222222222
4,14.60138888888889
5,30.398611111111112
1,0.2048611111111111
3,9.794444444444444
4,10.614583333333334
6,-7.010416666666667
9,52.03055555555556
5,13.081944444444444
1,0.3194444444444444
4,30.17222222222222
3,-28.492361111111112
5,64.0
6,-64.27083333333333
3,7.45625
5,8.461805555555555
6,-7.0055555555555555
9,0.6340277777777777
4,-1.6854166666666666
11,22.636805555555554
24,18.369444444444444
3,0.425
4,20.577083333333334
6,-19.221527777777776
5,78.68611111111112
3,3.5375
6,2.5756944444444443
4,45.12361111111111
6,22.242361111111112
1,0.1986111111111111
2,0.13680555555555557
6,6.367361111111111
3,1.2965277777777777
4,1.6270833333333334
9,5.928472222222222
6,35.888194444444444
1,0.7270833333333333
3,23.272222222222222
4,26.489583333333332
5,35.230555555555554
6,-59.33402777777778
4,51.107638888888886
3,-41.699305555555554
5,84.04166666666667
6,-86.46875
16,4.970833333333333
1,0.4513888888888889
16,0.03680555555555556
7,0.0
3,10.438194444444445
6,0.28888888888888886
5,77.75277777777778
9,-57.54375
4,-2.901388888888889
1,0.4597222222222222
6,5.126388888888889
8,2.2291666666666665
6,0.5451388888888888
1,0.18333333333333332
2,0.28402777777777777
6,5.028472222222222
3,0.5034722222222222
4,4.464583333333334
1,0.3215277777777778
7,0.04652777777777778
6,3.3541666666666665
3,0.27708333333333335
4,41.45
5,10.206944444444444
1,0.1840277777777778
2,0.23472222222222222
4,2.9965277777777777
3,-0.41597222222222224
5,121.04166666666667
6,-121.6673611111111
1,0.23819444444444443
3,19.761111111111113
6,1.5097222222222222
5,48.9125
9,-18.077083333333334
4,-3.801388888888889
1,0.4756944444444444
3,1.523611111111111
6,1.54375
4,38.99166666666667
5,45.50625
16,5.831944444444445
1,0.37777777777777777
3,3.6215277777777777
4,13.404166666666667
5,24.315277777777776
6,-36.979166666666664
1,0.43125
3,1.5680555555555555
6,4.370833333333334
4,26.270138888888887
1,0.42430555555555555
2,0.03611111111111111
3,8.53888888888889
4,2.74375
6,-0.22430555555555556
1,0.6076388888888888
6,3.767361111111111
3,-0.37569444444444444
4,-0.31527777777777777
9,1.4076388888888889
5,12.279861111111112
1,0.37569444444444444
3,0.6236111111111111
6,0.7340277777777777
4,19.805555555555557
5,43.17916666666667
1,0.3958333333333333
3,16.603472222222223
4,11.665277777777778
6,-7.20625
1,0.9784722222222222
2,0.025
3,7.995833333333334
4,39.71875
6,-38.99305555555556
5,77.31597222222223
1,0.6680555555555555
4,15.563194444444445
3,-2.2319444444444443
6,-3.3666666666666667
5,42.36666666666667
1,0.46458333333333335
4,3.984722222222222
3,-0.45
5,10.378472222222221
6,-10.630555555555556
16,45.89791666666667
4,7.180555555555555
15,-7.180555555555555
5,50.09861111111111
15,-45.984027777777776
15,0.0
3,0.5222222222222223
6,-4.636805555555555
6,4.114583333333333
2,0.014583333333333334
1,0.2048611111111111
2,0.5284722222222222
6,6.768055555555556
3,0.4979166666666667
5,63.71944444444444
9,-0.2013888888888889
4,-61.85138888888889
1,0.33055555555555555
3,0.66875
4,26.60902777777778
5,31.130555555555556
6,-57.00416666666667
1,0.4361111111111111
6,66.96597222222222
8,0.09166666666666666
8,0.11666666666666667
6,1.1006944444444444
3,1.2708333333333333
4,4.339583333333334
5,15.28125
6,10.495138888888889
3,4.027777777777778
5,48.422916666666666
4,-36.76111111111111
4,8.622222222222222
3,-1.1888888888888889
6,-0.40555555555555556
5,66.40555555555555
16,0.0006944444444444445
1,0.4076388888888889
8,0.18263888888888888
3,10.450694444444444
6,6.50625
4,-4.865277777777778
9,5.461805555555555
1,3.736111111111111
1,0.4465277777777778
2,0.014583333333333334
3,15.57986111111111
6,0.3229166666666667
4,0.41944444444444445
9,61.733333333333334
3,42.4875
4,12.48611111111111
7,-8.344444444444445
6,-3.597916666666667
20,33.08263888888889
1,0.3347222222222222
3,0.6645833333333333
6,3.729861111111111
4,6.011805555555555
1,1.3666666666666667
3,3.6326388888888888
6,3.4291666666666667
4,18.210416666666667
1,0.6201388888888889
6,25.95138888888889
1,0.49583333333333335
3,0.5034722222222222
4,24.24513888888889
5,34.40902777777778
6,-57.923611111111114
4,19.12152777777778
3,-6.70625
5,43.422916666666666
6,-46.10347222222222
1,0.7354166666666667
3,34.41111111111111
6,1.5673611111111112
4,28.9875
9,6.934027777777778
7,21.086805555555557
6,12.9625
4,14.629861111111111
3,-4.383333333333334
5,35.0
6,-35.606944444444444
3,10.31875
4,20.540277777777778
5,31.071527777777778
9,-20.1875
6,-31.01388888888889
1,0.33055555555555555
3,0.66875
6,0.7263888888888889
4,2.7756944444444445
9,0.9854166666666667
5,44.203472222222224
1,0.4340277777777778
2,0.013888888888888888
3,2.551388888888889
6,0.3326388888888889
4,6.323611111111111
9,34.81944444444444
1,16.655555555555555
3,3.373611111111111
6,4.458333333333333
4,42.18194444444445
3,8.484722222222222
4,2.339583333333333
6,0.14444444444444443
9,0.6131944444444445
5,5.601388888888889
11,1.301388888888889
24,18.37013888888889
3,4.333333333333333
6,5.458333333333333
4,22.275694444444444
5,35.00555555555555
1,0.40902777777777777
6,22.155555555555555
3,0.43472222222222223
4,10.551388888888889
1,0.4041666666666667
3,5.595138888888889
6,0.40347222222222223
5,57.018055555555556
4,-22.661805555555556
3,0.32222222222222224
6,3.5861111111111112
5,79.13333333333334
4,-55.09375
1,0.6534722222222222
4,15.706944444444444
3,-8.36111111111111
6,-0.28125
5,87.70347222222222
1,1.3451388888888889
2,0.0625
6,5.9944444444444445
3,0.5972222222222222
4,4.647916666666666
6,3.7493055555555554
2,0.0
4,32.12152777777778
3,-10.468055555555555
6,-20.419444444444444
1,0.23819444444444443
3,7.761111111111111
6,4.708333333333333
4,5.800694444444445
5,86.18819444444445
1,0.5
2,0.034027777777777775
4,10.811111111111112
3,-6.345833333333333
5,115.04166666666667
6,-115.62222222222222
27,0.041666666666666664
28,0.0
29,0.0
30,0.0
31,0.0
32,0.0
1,0.0
3,0.5458333333333333
6,31.51388888888889
15,0.0
4,0.20625
1,6.399305555555555
17,0.011805555555555555
4,0.9805555555555555
5,0.21666666666666667
17,13.754861111111111
17,0.10625
17,29.019444444444446
17,0.06041666666666667
1,0.6125
6,8.047916666666667
3,0.3388888888888889
5,77.69652777777777
4,-34.90625
8,0.0020833333333333333
20,0.0
3,5.582638888888889
6,1.3868055555555556
4,20.14027777777778
16,0.0
1,0.6284722222222222
4,84.95833333333333
3,-29.545833333333334
6,-0.5423611111111111
1,0.41388888888888886
8,6.242361111111111
3,4.343055555555556
5,102.04166666666667
6,-98.68611111111112
9,0.7444444444444445
4,-3.5166666666666666
15,0.0
15,0.0
6,0.0
15,0.0006944444444444445
15,0.0
15,0.0
15,0.0
15,0.0
15,0.0
15,0.0
15,0.0
15,0.0
15,0.0
6,0.0
1,0.3284722222222222
11,1.6708333333333334
3,0.0
6,0.7270833333333333
5,54.95
9,-0.0006944444444444445
12,0.0006944444444444445
4,-3.071527777777778
4,3.1506944444444445
5,7.901388888888889
1,1.3486111111111112
6,1.3805555555555555
3,0.2701388888888889
5,50.69166666666667
4,-2.03125
1,0.41458333333333336
3,4.584722222222222
6,14.45138888888889
4,-5.802777777777778
9,6.45
5,7.558333333333334
1,0.3263888888888889
4,26.177083333333332
3,-20.504166666666666
5,49.69097222222222
6,-49.96111111111111
1,0.45555555555555555
3,4.54375
4,55.62013888888889
6,-54.09722222222222
17,0.025
1,1.4708333333333334
2,0.011111111111111112
6,20.007638888888888
3,0.5097222222222222
4,1.6854166666666666
9,61.83263888888889
5,0.2013888888888889
1,0.3347222222222222
3,0.6645833333333333
6,3.736111111111111
4,12.859027777777778
5,24.144444444444446
3,9.522916666666667
4,19.647916666666667
6,-19.199305555555554
5,50.55138888888889
16,0.1388888888888889
6,0.0
6,0.0
15,0.0
15,0.0
6,0.0006944444444444445
6,0.0
6,0.0
6,0.0
6,0.0
15,0.0
15,0.0
15,0.0
15,0.0
15,0.0
6,0.002777777777777778
6,0.0
6,0.0
6,0.0
15,0.0
15,0.0
15,0.0
15,0.0
3,34.047222222222224
4,85.62152777777777
5,7.0777777777777775
1,0.6888888888888889
7,0.7583333333333333
6,9.10138888888889
1,0.5604166666666667
8,16.90972222222222
3,8.529166666666667
6,2.439583333333333
4,16.771527777777777
9,8.230555555555556
5,20.214583333333334
1,0.7465277777777778
8,37.890277777777776
4,9.907638888888888
3,-4.545138888888889
6,0.44583333333333336
6,-3.1173611111111112
1,0.9256944444444445
6,22.60625
2,0.07569444444444444
6,14.149305555555555
3,0.3763888888888889
4,0.7131944444444445
1,0.3638888888888889
3,1.6354166666666667
4,34.638194444444444
6,-33.13055555555555
1,0.3458333333333333
3,0.6534722222222222
6,0.73125
4,25.759722222222223
1,0.3138888888888889
3,0.6854166666666667
4,2.5
6,0.22569444444444445
9,0.3715277777777778
5,16.641666666666666
1,3.6395833333333334
6,25.735416666666666
1,4.391666666666667
3,6.649305555555555
4,1.7013888888888888
6,4.763194444444444
9,0.6381944444444444
3,21.259722222222223
6,0.46944444444444444
4,5.115972222222222
9,23.911805555555556
1,0.5
2,0.03263888888888889
4,10.813888888888888
3,-6.347222222222222
5,115.04166666666667
4,-108.67430555555555
6,-6.949305555555555
1,0.38472222222222224
3,0.6145833333333334
4,28.299305555555556
6,-26.560416666666665
5,91.30277777777778
1,0.23819444444444443
3,7.761111111111111
6,2.595833333333333
5,87.12083333333334
9,-13.081944444444444
4,-71.06180555555555
1,0.3763888888888889
3,2.622916666666667
4,13.593055555555555
6,-13.124305555555555
6,0.0006944444444444445
1,0.5305555555555556
3,14.46875
4,33.484722222222224
6,-28.832638888888887
1,0.26875
3,1.7305555555555556
4,13.27361111111111
5,29.381944444444443
6,-38.28611111111111
4,24.62152777777778
3,-16.35
5,56.65555555555556
6,-57.0375
1,0.31875
6,4.406944444444444
3,0.27361111111111114
4,1.2069444444444444
5,36.793055555555554
1,0.3527777777777778
3,4.646527777777778
4,31.455555555555556
6,-29.929861111111112
3,3.373611111111111
4,39.75416666666667
6,-35.12152777777778
4,14.769444444444444
3,-1.3868055555555556
6,-0.6645833333333333
5,28.165972222222223
1,1.4756944444444444
4,14.21111111111111
3,-3.6875
5,99.04166666666667
6,-99.4875
3,8.511805555555556
4,16.43263888888889
6,-16.156944444444445
1,0.33194444444444443
3,1.667361111111111
5,21.38125
4,-20.793055555555554
9,4.504166666666666
6,-0.3576388888888889
1,0.6576388888888889
3,14.383333333333333
6,5.654166666666667
4,1.6902777777777778
9,12.970833333333333
4,40.666666666666664
3,-25.49652777777778
6,-1.332638888888889
9,32.68958333333333
1,0.9458333333333333
3,8.053472222222222
6,1.4694444444444446
5,91.57222222222222
4,-46.33402777777778
6,36.64375
6,10.083333333333334
1,0.31319444444444444
7,0.10416666666666667
6,1.3131944444444446
3,9.277777777777779
4,3.558333333333333
5,24.09861111111111
6,-27.07777777777778
1,0.4527777777777778
3,7.5465277777777775
6,0.5881944444444445
5,12.057638888888889
4,-6.961111111111111
6,21.043055555555554
1,0.38472222222222224
6,7.007638888888889
1,0.5104166666666666
2,0.002777777777777778
3,10.48611111111111
6,1.6159722222222221
5,64.10347222222222
4,-59.06319444444444
6,14.152083333333334
3,0.43819444444444444
4,5.428472222222222
8,5.014583333333333
3,77.64375
4,29.54513888888889
9,0.13055555555555556
6,4.338888888888889
4,55.97361111111111
3,-40.540277777777774
6,-2.4194444444444443
6,8.145138888888889
3,0.31666666666666665
4,9.366666666666667
5,40.28888888888889
1,0.7048611111111112
6,61.75416666666667
1,0.5625
3,9.436805555555555
6,4.434722222222222
5,65.60694444444445
4,-44.325
1,1.3770833333333334
3,0.6222222222222222
4,16.690277777777776
5,64.35138888888889
6,-79.62986111111111
1,0.54375
2,0.020833333333333332
3,2.4347222222222222
4,12.397222222222222
5,86.3
6,-98.22430555555556
1,0.36180555555555555
3,3.6375
6,0.2986111111111111
5,48.428472222222226
4,-22.161805555555556
16,22.163888888888888
1,1.4805555555555556
3,14.51875
4,14.622916666666667
6,-14.14375
5,80.5625
1,0.6701388888888888
1,1.4520833333333334
6,13.151388888888889
3,0.3958333333333333
5,57.420138888888886
9,-38.67777777777778
4,-11.252777777777778
1,0.21041666666666667
3,9.78888888888889
4,96.52916666666667
6,-92.81736111111111
5,92.94166666666666
1,0.5375
3,29.461805555555557
6,1.5729166666666667
4,31.884722222222223
1,0.5243055555555556
2,0.9555555555555556
3,10.519444444444444
6,0.32430555555555557
5,76.71736111111112
9,-67.29930555555555
4,-3.0069444444444446
1,14.620833333333334
17,1.1277777777777778
5,3.8125
4,-1.2833333333333334
17,16.272916666666667
17,0.0375
6,8.849305555555556
6,13.802083333333334
1,1.551388888888889
3,1.4479166666666667
4,35.577777777777776
6,-32.84722222222222
1,0.36666666666666664
3,3.6326388888888888
4,28.520138888888887
6,-27.213194444444444
5,43.4125
3,1.3527777777777779
4,31.619444444444444
6,-8.184027777777779
9,9.659722222222221
1,0.5465277777777777
4,15.505555555555556
6,-15.505555555555556
6,0.0
6,0.0
6,0.0
6,0.0
6,0.0
6,0.0
6,0.0
15,0.0
15,0.0
15,0.0
15,0.0
15,0.0
15,0.0
15,0.0
15,0.0
15,0.0
6,0.0006944444444444445
6,0.0
6,0.0
6,0.0
6,0.0
6,0.0
6,0.0
6,0.0
6,0.0
6,0.0
6,0.0
6,0.0
15,0.0
15,0.0
15,0.0
15,0.0
15,0.0
15,0.0
15,0.0
15,0.0
15,0.0
15,0.0
15,0.0
15,0.0
6,0.0006944444444444445
6,0.0
6,0.0
6,0.0
6,0.0
6,0.0
6,0.0
6,0.0
6,0.0
6,0.0
6,0.0
15,0.0
15,0.0
15,0.0
15,0.0
15,0.0
15,0.0
15,0.0
15,0.0
15,0.0
15,0.0
15,0.0
6,0.0006944444444444445
6,0.0
6,0.0
6,0.0
6,0.0
6,0.0
15,0.0
15,0.0
15,0.0
15,0.0
15,0.0
15,0.0
15,0.0
6,0.0006944444444444445
6,0.0
6,0.0
6,0.0
6,0.0
6,0.0
6,0.0
6,0.0
6,0.0
6,0.0
6,0.0
6,0.0
6,0.0
6,0.0
6,0.0
6,0.0
6,0.0
15,0.0
15,0.0
15,0.0
15,0.0
15,0.0
15,0.0
15,0.0
15,0.0
15,0.0
15,0.0
15,0.0
15,0.0
15,0.0
15,0.0
15,0.0
15,0.0
15,0.0
6,0.0006944444444444445
6,0.0
6,0.0
6,0.0
6,0.0
6,0.0
6,0.0
6,0.0
6,0.0
6,0.0
6,0.0
6,0.0
15,0.0
15,0.0
15,0.0
15,0.0
15,0.0
15,0.0
15,0.0
15,0.0
15,0.0
15,0.0
15,0.0
15,0.0
3,7.049305555555556
6,-7.052777777777778
1,0.37222222222222223
3,1.6270833333333334
6,0.7270833333333333
5,27.73263888888889
4,-3.9784722222222224
1,0.6159722222222223
3,21.383333333333333
4,46.72083333333333
6,-44.16319444444444
3,10.290972222222223
5,104.04166666666667
6,-100.675
9,0.7354166666666667
4,-1.4472222222222222
3,26.572916666666668
4,1.4819444444444445
6,-1.0263888888888888
5,25.004166666666666
6,10.15
3,2.2993055555555557
4,1.5256944444444445
6,-0.9951388888888889
5,32.97083333333333
1,0.36041666666666666
4,46.29236111111111
3,-28.653472222222224
3,2.0
6,0.3819444444444444
6,-14.647222222222222
4,46.65416666666667
5,11.030555555555555
1,0.40208333333333335
3,7.597222222222222
4,49.641666666666666
6,-48.24027777777778
1,0.48819444444444443
3,5.511111111111111
6,1.3979166666666667
4,13.860416666666667
5,21.48125
1,0.3875
7,0.23472222222222222
3,7.377083333333333
6,0.7381944444444445
5,58.00208333333333
4,-43.07222222222222
1,0.38263888888888886
2,0.0375
3,2.5791666666666666
4,0.38472222222222224
5,91.33194444444445
9,-13.081944444444444
6,-78.30694444444444
1,0.38680555555555557
3,8.6125
6,8.411805555555556
4,-6.7875
9,7.464583333333334
1,0.6388888888888888
3,14.360416666666667
8,2.5479166666666666
4,3.877083333333333
6,0.005555555555555556
9,3.3256944444444443
5,92.28541666666666
6,7.928472222222222
3,0.4625
4,7.372916666666667
5,47.23888888888889
6,13.008333333333333
3,0.5368055555555555
5,65.0
4,-30.263194444444444
1,0.8020833333333334
8,13.875
6,0.006944444444444444
3,1.3152777777777778
4,9.4625
9,14.25
2,0.0
6,7.205555555555556
3,10.421527777777778
4,9.468055555555555
6,13.8625
3,44.31041666666667
7,4.592361111111111
8,0.7118055555555556
6,0.38472222222222224
4,34.88125
3,0.55625
4,35.47083333333333
5,28.183333333333334
6,-62.37013888888889
1,0.4326388888888889
3,17.566666666666666
6,4.68125
5,71.74027777777778
4,-64.0423611111111
4,18.808333333333334
3,-2.2555555555555555
6,-7.298611111111111
1,0.38125
3,1.6180555555555556
6,1.2972222222222223
5,62.44236111111111
4,-35.04097222222222
3,24.464583333333334
6,1.4826388888888888
4,4.157638888888889
19,4.7243055555555555
17,0.004861111111111111
8,54.06111111111111
4,44.043055555555554
3,-33.452777777777776
7,3.44375
6,-12.703472222222222
1,0.20416666666666666
4,37.420833333333334
3,-7.625694444444444
6,-1.3083333333333333
1,0.3840277777777778
6,13.990972222222222
3,0.6243055555555556
5,52.422222222222224
4,-35.77430555555556
1,6.495833333333334
4,8.79375
6,-5.643055555555556
5,28.072916666666668
1,0.4909722222222222
3,7.508333333333334
6,2.426388888888889
4,11.322916666666666
5,58.96944444444444
1,0.6756944444444445
3,41.36527777777778
4,22.630555555555556
6,-22.25138888888889
6,20.086111111111112
3,0.41458333333333336
5,44.739583333333336
9,-38.15416666666667
4,-4.902777777777778
1,0.60625
8,3.8569444444444443
8,0.001388888888888889
6,38.10069444444444
1,0.6013888888888889
16,0.05138888888888889
6,0.0
3,1.5215277777777778
5,41.50416666666667
6,-36.15277777777778
9,9.122916666666667
4,-13.872222222222222
1,0.5006944444444444
2,1.3229166666666667
3,15.175694444444444
6,20.320833333333333
4,7.077083333333333
1,5.5256944444444445
17,0.08333333333333333
4,1.0006944444444446
1,0.30625
3,5.6930555555555555
4,21.574305555555554
6,-20.680555555555557
1,8.415972222222223
4,40.97986111111111
6,-39.99513888888889
5,62.25486111111111
3,10.31875
6,0.41041666666666665
4,20.12986111111111
9,10.884027777777778
5,20.1875
3,6.6618055555555555
4,41.50763888888889
5,25.492361111111112
6,-65.55555555555556
1,0.3638888888888889
3,1.6354166666666667
6,1.3909722222222223
5,63.263194444444444
9,-2.553472222222222
4,-34.49305555555556
1,2.5166666666666666
4,1.80625
6,-0.9215277777777777
5,16.3
1,0.19236111111111112
7,0.42430555555555555
2,0.9347222222222222
6,6.883333333333334
3,3.60625
4,28.556944444444444
2,0.09861111111111111
4,18.975694444444443
3,-3.629861111111111
6,-0.5423611111111111
1,0.22291666666666668
2,0.23125
4,6.1875
3,-0.6423611111111112
6,-0.5916666666666667
1,0.45
2,0.06319444444444444
4,26.9
3,-6.413888888888889
5,90.71666666666667
9,-13.081944444444444
6,-77.90277777777777
1,0.7090277777777778
16,0.002777777777777778
17,0.0
1,10.40625
4,17.247222222222224
6,-16.163194444444443
5,43.229166666666664
15,0.0
15,0.0
15,0.0
15,0.0
15,0.0
15,0.0
6,0.0
15,0.0006944444444444445
15,0.0
15,0.0
15,0.0
15,0.0
15,0.0
15,0.0
15,0.0
15,0.0
15,0.0
15,0.0
15,0.0
15,0.0
15,0.0
6,0.0
6,0.0
6,0.0
15,0.0006944444444444445
15,0.0
15,0.0
15,0.0
15,0.0
15,0.0
15,0.0
15,0.0
15,0.0
6,0.0
15,0.0006944444444444445
15,0.0
15,0.0
15,0.0
15,0.0
15,0.0
15,0.0
15,0.0
15,0.0
15,0.0
15,0.0
15,0.0
15,0.0
6,0.0
6,0.0
15,0.0006944444444444445
15,0.0
15,0.0
15,0.0
15,0.0
15,0.0
15,0.0
15,0.0
6,0.0
6,0.0
1,1.4361111111111111
3,2.5631944444444446
4,46.613194444444446
6,-46.06805555555555
5,92.49652777777777
1,5.654861111111111
6,0.0
6,0.0
6,0.0
15,0.0
15,0.0
15,0.0
15,0.0
6,0.0006944444444444445
6,0.0
15,0.0
15,0.0
15,0.0
15,0.0
1,0.7159722222222222
2,0.013888888888888888
16,6.723611111111111
1,0.42986111111111114
3,1.5694444444444444
6,8.622222222222222
4,-6.206944444444445
9,6.683333333333334
5,118.59791666666666
1,0.6576388888888889
3,10.341666666666667
6,2.4881944444444444
5,84.20833333333333
4,-78.04375
1,6.653472222222222
3,7.345833333333333
4,31.622222222222224
5,20.79861111111111
7,-20.769444444444446
9,0.0
6,-31.168055555555554
1,0.6847222222222222
6,27.79375
3,17.5625
4,33.52291666666667
1,1.3680555555555556
3,1.63125
6,0.7347222222222223
5,57.68680555555556
4,-21.763194444444444
1,1.4243055555555555
2,0.015277777777777777
4,7.198611111111111
3,-1.6388888888888888
6,-3.3131944444444446
6,26.976388888888888
3,3.5972222222222223
4,5.4631944444444445
15,0.0
15,0.0
15,0.0
15,0.0
15,0.0
15,0.0
15,0.0
15,0.0
15,0.0
15,0.0
6,0.0
6,0.0
6,0.0
6,0.0
15,0.0006944444444444445
15,0.0
15,0.0
15,0.0
15,0.0
15,0.0
15,0.0
15,0.0
15,0.0
15,0.0
15,0.0
15,0.0
15,0.0
6,0.0
6,0.0
6,0.0
6,0.0
6,0.0
6,0.0
6,0.0
6,0.0
6,0.0
15,0.0006944444444444445
15,0.0
15,0.0
15,0.0
15,0.0
15,0.0
15,0.0
15,0.0
6,0.0
6,0.0
6,0.0
6,0.0
15,0.0006944444444444445
15,0.0
15,0.0
15,0.0
15,0.0
15,0.0
15,0.0
15,0.0
6,0.0
6,0.0
6,0.0
6,0.0
6,0.0
6,0.0
15,0.0006944444444444445
15,0.0
15,0.0
15,0.0
15,0.0
15,0.0
15,0.0
15,0.0
15,0.0
15,0.0
15,0.0
15,0.0
15,0.0
15,0.0
15,0.0
6,0.0
6,0.0
6,0.0
6,0.0
6,0.0
6,0.0
6,0.0
6,0.0
6,0.0
15,0.0006944444444444445
15,0.0
15,0.0
15,0.0
15,0.0
15,0.0
15,0.0
15,0.0
15,0.0
15,0.0
6,0.0
6,0.0
6,0.0
6,0.0
6,0.0
6,0.0
6,0.0
15,0.0006944444444444445
15,0.0
15,0.0
6,0.0
15,0.0006944444444444445
15,0.0
15,0.0
6,0.0
15,0.0006944444444444445
6,0.0
1,0.5104166666666666
2,2.9097222222222223
3,1.5791666666666666
4,21.495833333333334
6,-20.006944444444443
9,66.85625
5,3.317361111111111
1,0.42083333333333334
2,0.03958333333333333
6,17.106944444444444
1,0.6861111111111111
4,14.71875
2,-11.910416666666666
3,4.5465277777777775
6,-4.564583333333333
1,0.6673611111111111
2,0.020833333333333332
3,10.311111111111112
4,6.673611111111111
6,-6.3694444444444445
1,1.3840277777777779
3,0.6152777777777778
6,0.7305555555555555
4,23.514583333333334
5,34.40902777777778
1,0.6701388888888888
6,12.985416666666667
6,40.95625
1,1.3368055555555556
3,1.6625
4,41.60208333333333
6,-41.30486111111111
5,64.44305555555556
1,0.3194444444444444
3,0.6798611111111111
6,3.4131944444444446
4,29.15486111111111
9,4.84375
5,3.245138888888889
2,1.6805555555555556
3,13.636805555555556
6,0.425
4,1.0708333333333333
4,4.039583333333334
1,0.5548611111111111
3,31.444444444444443
4,5.5881944444444445
6,-2.926388888888889
3,0.5104166666666666
6,1.3284722222222223
4,41.361805555555556
1,0.37222222222222223
8,0.016666666666666666
3,5.610416666666667
6,0.47152777777777777
4,58.11805555555556
1,0.33611111111111114
6,3.395138888888889
3,0.26805555555555555
5,54.674305555555556
4,-27.44236111111111
4,13.925
3,-0.3729166666666667
5,86.04166666666667
11,-50.0
9,4.315277777777778
6,-42.72013888888889
24,91.09097222222222
4,24.17152777777778
3,-15.546527777777778
5,36.37916666666667
6,-36.825694444444444
1,0.5583333333333333
3,14.440972222222221
4,10.61736111111111
3,-6.617361111111111
6,-1.4208333333333334
5,45.84375
5,0.0
1,4.40625
3,12.593055555555555
6,1.7722222222222221
4,10.85763888888889
9,1.8263888888888888
5,57.261805555555554
1,0.4284722222222222
2,0.08194444444444444
3,22.488888888888887
6,2.3201388888888888
4,1.382638888888889
1,0.3951388888888889
3,20.604166666666668
4,0.4875
6,1.8854166666666667
9,0.7173611111111111
1,0.3173611111111111
3,5.6819444444444445
6,0.3090277777777778
4,32.293055555555554
1,0.37916666666666665
3,0.6201388888888889
4,18.522222222222222
6,-17.78611111111111
5,42.00347222222222
1,0.65625
3,9.343055555555555
4,31.455555555555556
6,-30.948611111111113
9,41.91736111111111
5,13.23125
3,9.45138888888889
4,67.77083333333333
6,-67.35694444444445
5,84.30347222222223
3,1.63125
4,32.62916666666667
6,-29.339583333333334
5,44.43055555555556
3,7.584027777777778
4,1.5944444444444446
6,-0.9194444444444444
5,107.02152777777778
1,0.4340277777777778
6,56.11944444444445
3,0.4875
4,53.68263888888889
3,8.527083333333334
6,5.513888888888889
4,16.016666666666666
1,0.45555555555555555
3,4.54375
6,1.5451388888888888
4,54.075
1,0.5138888888888888
16,3.0458333333333334
1,0.7159722222222222
3,23.325
6,1.4534722222222223
4,6.975694444444445
6,42.19513888888889
3,1.3194444444444444
4,2.251388888888889
5,49.170138888888886
1,3.55
2,0.002777777777777778
3,2.446527777777778
6,4.4319444444444445
4,8.841666666666667
1,0.4409722222222222
2,0.10416666666666667
3,6.454166666666667
4,34.47708333333333
6,-34.10625
9,65.26388888888889
5,13.081944444444444
1,0.44305555555555554
2,0.31180555555555556
6,7.990972222222222
3,0.2534722222222222
5,69.71944444444445
9,-0.2013888888888889
4,-57.11805555555556
1,0.3326388888888889
3,3.6666666666666665
6,2.73125
4,23.922916666666666
5,28.085416666666667
3,27.62986111111111
8,1.3847222222222222
4,6.284722222222222
5,42.985416666666666
6,-44.91875
8,0.28125
4,13.682638888888889
3,-9.32638888888889
5,23.575
6,-23.917361111111113
3,11.471527777777778
4,9.514583333333333
6,-4.926388888888889
6,0.0
15,0.0
6,0.014583333333333334
6,0.0
15,0.0
15,0.0
20,2.783333333333333
20,6.58125
1,4.327083333333333
3,4.6722222222222225
6,3.347916666666667
5,52.65208333333333
4,-31.270833333333332
4,64.05069444444445
3,-45.50347222222222
6,-8.620138888888889
1,1.195138888888889
2,0.2388888888888889
6,8.954166666666667
3,0.6111111111111112
4,0.5090277777777777
1,2.5659722222222223
8,0.029861111111111113
6,8.754166666666666
1,0.5430555555555555
3,14.497916666666667
6,0.5291666666666667
4,34.00833333333333
1,0.4166666666666667
2,1.0159722222222223
4,40.19375
3,-39.62708333333333
6,-0.3236111111111111
1,1.4708333333333334
2,0.011111111111111112
4,22.145138888888887
3,-0.6277777777777778
5,62.71944444444444
9,-0.2013888888888889
6,-63.047916666666666
1,0.34305555555555556
3,0.65625
4,26.54513888888889
5,17.87638888888889
6,-39.074305555555554
1,0.3576388888888889
6,7.1090277777777775
4,0.25416666666666665
3,0.32013888888888886
3,1.5319444444444446
4,27.427777777777777
6,-19.754166666666666
1,0.3701388888888889
3,3.629166666666667
4,31.73125
6,-29.99513888888889
5,50.68680555555556
40,0.38472222222222224
1,0.016666666666666666
6,14.929166666666667
3,6.66875
4,3.6527777777777777
9,3.7888888888888888
15,0.0
15,0.0
15,0.0
15,0.0
15,0.0
15,0.0
6,0.0
3,11.053472222222222
4,27.564583333333335
1,0.3298611111111111
3,2.6694444444444443
4,35.68819444444444
5,12.967361111111112
9,-3.24375
6,-44.68194444444445
1,0.43194444444444446
2,0.043055555555555555
3,3.5243055555555554
4,38.647222222222226
6,-7.164583333333334
1,1.7069444444444444
6,19.959027777777777
3,1.632638888888889
4,22.675694444444446
5,43.324305555555554
6,-65.51597222222222
6,0.03819444444444445
15,0.0
3,8.565972222222221
4,30.65
9,1.0180555555555555
3,0.6069444444444444
6,0.5270833333333333
4,27.089583333333334
5,21.84375
1,0.5868055555555556
4,7.231944444444444
3,-1.7326388888888888
6,-3.5909722222222222
5,63.31111111111111
3,5.610416666666667
8,10.384027777777778
4,48.205555555555556
6,-48.15555555555556
1,3.658333333333333
3,12.340972222222222
4,50.71319444444445
6,-50.24375
1,0.34375
3,4.655555555555556
4,3.70625
6,-2.332638888888889
9,15.714583333333334
1,1.3805555555555555
3,1.6604166666666667
6,0.7347222222222223
4,15.852777777777778
9,30.822222222222223
5,17.26597222222222
3,14.360416666666667
4,20.60972222222222
5,45.81041666666667
6,-64.71875
1,0.22430555555555556
17,0.4375
2,0.09375
3,35.28541666666667
4,5.459722222222222
6,-2.7256944444444446
3,0.2659722222222222
6,-2.7583333333333333
4,12.313888888888888
9,34.920138888888886
6,9.734722222222222
3,2.6805555555555554
5,43.422916666666666
4,-36.71666666666667
1,0.37916666666666665
6,6.351388888888889
3,7.26875
5,41.739583333333336
4,-24.209722222222222
1,0.6576388888888889
3,25.383333333333333
4,25.733333333333334
6,-21.304861111111112
1,0.5423611111111111
6,14.957638888888889
13,1.11875
3,23.44375
4,7.364583333333333
5,64.67708333333333
9,-22.663888888888888
6,-48.7625
1,1.3666666666666667
3,3.6326388888888888
6,3.4291666666666667
4,18.210416666666667
1,0.47638888888888886
2,0.03333333333333333
4,21.898611111111112
3,-13.409027777777778
6,-0.26944444444444443
9,36.74513888888889
1,0.5270833333333333
6,19.130555555555556
20,4.904861111111111
3,3.6180555555555554
6,2.8201388888888888
4,1.8027777777777778
1,1.3701388888888888
4,1.4006944444444445
3,0.22847222222222222
6,0.7270833333333333
9,0.3659722222222222
1,0.4756944444444444
10,0.0006944444444444445
3,9.522916666666667
8,0.36944444444444446
6,0.043055555555555555
4,17.147222222222222
5,24.180555555555557
1,0.3326388888888889
11,4.666666666666667
3,0.0
4,0.47291666666666665
6,-0.052083333333333336
12,89.12569444444445
4,0.001388888888888889
9,0.0006944444444444445
5,3.104861111111111
6,11.079166666666667
3,0.27361111111111114
4,24.56388888888889
1,0.5805555555555556
4,12.9
3,-0.4395833333333333
6,-0.5201388888888889
5,67.5201388888889
1,1.1944444444444444
2,0.2826388888888889
6,4.961805555555555
6,19.90277777777778
3,0.4340277777777778
4,8.559027777777779
8,17.86875
6,1.8694444444444445
3,0.5736111111111111
4,21.627083333333335
3,3.373611111111111
6,4.458333333333333
4,42.18194444444445
40,0.39375
1,0.00625
6,27.096527777777776
1,5.627083333333333
17,0.16458333333333333
4,0.9354166666666667
2,0.07569444444444444
4,15.238888888888889
3,-0.7131944444444445
6,-0.3763888888888889
1,1.7104166666666667
6,6.846527777777778
1,0.48125
2,1.3125
3,11.205555555555556
6,1.3902777777777777
4,9.22638888888889
1,0.38055555555555554
6,1.3520833333333333
3,0.26666666666666666
4,2.5597222222222222
5,17.13125
1,0.3902777777777778
3,22.650694444444444
4,17.377083333333335
11,-4.377083333333333
5,44.0
24,-37.27291666666667
6,-16.018055555555556
1,2.464583333333333
3,17.53472222222222
5,102.04166666666667
6,-100.4125
9,0.47291666666666665
4,-1.7006944444444445
1,0.5847222222222223
6,39.90555555555556
8,1.975
3,1.4881944444444444
4,18.619444444444444
5,29.05625
9,-14.917361111111111
6,-29.28611111111111
1,2.609722222222222
16,0.02361111111111111
3,14.43125
4,41.53263888888889
6,-40.59791666666667
9,56.5625
1,0.38055555555555554
3,5.61875
6,0.7708333333333334
4,20.886111111111113
3,17.584027777777777
4,3.6847222222222222
6,-0.04097222222222222
9,1.8125
5,36.28333333333333
1,0.6277777777777778
4,61.96597222222222
3,-30.594444444444445
6,-29.60972222222222
2,3.078472222222222
6,22.945833333333333
3,0.5451388888888888
4,0.6027777777777777
2,4.011805555555555
6,27.914583333333333
1,0.5458333333333333
6,14.886805555555556
1,3.661111111111111
3,21.37986111111111
4,27.725694444444443
6,-26.325
3,38.2
4,11.447916666666666
6,-8.036111111111111
1,0.5041666666666667
17,4.907638888888889
2,0.03888888888888889
4,5.94375
3,-5.395138888888889
5,114.04166666666667
6,-114.57291666666667
1,0.325
3,1.6743055555555555
4,41.69097222222222
5,0.7319444444444444
6,-42.12361111111111
1,0.42083333333333334
2,0.13472222222222222
1,1.35
3,0.6493055555555556
6,1.3840277777777779
5,86.65763888888888
4,-64.29652777777778
1,0.5958333333333333
6,11.863888888888889
3,0.58125
4,1.1895833333333334
5,27.4875
1,0.45
16,8.9375
1,0.4340277777777778
8,3.0527777777777776
3,1.5125
4,21.679166666666667
6,-16.053472222222222
5,38.795833333333334
1,0.37083333333333335
3,1.6284722222222223
6,0.7298611111111111
4,9.561805555555555
1,0.66875
6,27.855555555555554
1,0.35138888888888886
3,0.6479166666666667
4,1.3659722222222221
6,-0.6354166666666666
5,22.84375
3,2.60625
4,32.579166666666666
6,-28.16875
4,13.890972222222222
3,-7.294444444444444
5,34.72013888888889
6,-36.986805555555556
1,0.37916666666666665
3,0.6201388888888889
6,0.5111111111111111
4,2.209722222222222
5,35.27916666666667
1,0.6173611111111111
6,34.020833333333336
3,1.5006944444444446
6,2.49375
5,101.20277777777778
4,-101.17847222222223
1,0.6763888888888889
8,4.85625
1,0.3402777777777778
3,2.6590277777777778
6,3.4243055555555557
5,38.99583333333333
9,-21.274305555555557
4,-15.519444444444444
1,0.6152777777777778
2,0.8833333333333333
3,16.500694444444445
6,4.313194444444444
4,17.243055555555557
1,0.3972222222222222
8,5.044444444444444
3,23.55763888888889
4,41.66597222222222
13,-30.21527777777778
5,64.24652777777777
9,-29.208333333333332
6,-44.11875
1,0.3951388888888889
3,29.604166666666668
4,13.606944444444444
6,-3.911111111111111
2,0.04722222222222222
4,15.151388888888889
3,-0.6395833333333333
6,-0.3472222222222222
1,0.19236111111111112
7,0.42430555555555555
2,0.9340277777777778
6,11.879166666666666
3,0.6111111111111112
4,1.5395833333333333
3,50.46180555555556
17,0.3875
1,0.0
17,0.01875
4,1.0951388888888889
4,36.09236111111111
3,-1.7395833333333333
6,-7.448611111111111
6,9.415972222222223
3,0.18680555555555556
4,3.740972222222222
1,0.30833333333333335
3,1.6909722222222223
4,39.59513888888889
6,-36.27638888888889
9,65.16458333333334
5,1.2083333333333333
1,2.6659722222222224
17,0.8923611111111112
3,43.44097222222222
6,3.515277777777778
4,2.1152777777777776
3,4.509027777777778
4,19.745833333333334
6,-17.079166666666666
1,0.3125
3,0.6868055555555556
6,0.7319444444444444
5,36.64861111111111
4,-22.747916666666665
1,0.43125
3,1.5680555555555555
4,30.64097222222222
6,-26.270138888888887
3,11.474305555555556
4,24.252777777777776
6,-23.761805555555554
9,33.91875
5,24.245833333333334
1,0.36736111111111114
2,0.09583333333333334
6,1.9416666666666667
3,0.5944444444444444
4,1.6368055555555556
4,12.077083333333333
3,-3.545138888888889
6,-1.2673611111111112
5,28.007638888888888
4,12.909722222222221
3,-5.475694444444445
6,-1.19375
1,0.5048611111111111
6,14.005555555555556
3,3.488888888888889
5,102.04166666666667
4,-101.63888888888889
1,0.6201388888888889
3,13.379166666666666
6,0.5819444444444445
5,86.45972222222223
4,-67.39791666666666
1,0.6423611111111112
3,9.356944444444444
4,39.581944444444446
6,-36.1125
9,52.02777777777778
1,0.44513888888888886
6,11.188888888888888
3,2.3631944444444444
5,86.04166666666667
11,-50.0
9,4.315277777777778
4,-39.984027777777776
24,88.3548611111111
1,0.33055555555555555
3,0.66875
11,0.0
4,52.55138888888889
5,2.2111111111111112
12,-0.08402777777777778
6,-51.31458333333333
4,52.135416666666664
9,19.006944444444443
5,2.2375
1,0.3715277777777778
3,1.6277777777777778
6,1.3270833333333334
4,5.29375
5,29.839583333333334
6,16.995833333333334
1,0.3298611111111111
3,8.669444444444444
4,5.267361111111111
5,43.732638888888886
6,-46.27430555555556
6,20.075694444444444
3,51.59166666666667
8,1.2979166666666666
7,3.311111111111111
4,36.96944444444444
6,-36.2
9,38.30416666666667
1,0.49583333333333335
3,32.50347222222222
4,65.70208333333333
5,25.339583333333334
9,-23.552777777777777
6,-64.79097222222222
6,28.224305555555556
3,1.2916666666666667
4,9.440277777777778
1,0.3770833333333333
2,6.092361111111111
3,13.529861111111112
4,22.531944444444445
6,-21.9
1,1.426388888888889
2,0.013194444444444444
1,0.4534722222222222
3,2.5458333333333334
4,7.477083333333334
5,112.21944444444445
6,-114.28888888888889
1,16.403472222222224
4,18.074305555555554
6,-11.8
5,29.78263888888889
1,0.5013888888888889
3,13.539583333333333
4,7.340277777777778
6,-1.7125
1,2.6215277777777777
3,23.377777777777776
4,49.64930555555556
5,46.392361111111114
6,-95.37777777777778
1,0.37083333333333335
3,4.628472222222222
4,6.3597222222222225
5,38.640277777777776
6,-42.44444444444444
40,0.4618055555555556
1,0.0006944444444444445
6,37.206944444444446
1,1.3791666666666667
5,53.079861111111114
3,-51.459722222222226
4,-0.22013888888888888
9,35.97847222222222
6,-34.43888888888889
2,0.20069444444444445
6,2.6805555555555554
3,4.586805555555555
4,1.5215277777777778
6,0.3194444444444444
9,0.25277777777777777
5,21.634027777777778
3,0.4534722222222222
4,74.18819444444445
6,-70.56180555555555
1,0.6548611111111111
2,0.022222222222222223
6,1.8777777777777778
3,0.4444444444444444
4,5.481944444444444
9,42.99375
3,7.604861111111111
8,3.602777777777778
8,0.027083333333333334
3,0.3701388888888889
8,0.3194444444444444
6,0.3611111111111111
8,12.209722222222222
3,0.10972222222222222
6,2.1805555555555554
4,13.442361111111111
4,0.03611111111111111
4,12.04861111111111
1,0.38472222222222224
3,0.6145833333333334
4,35.70902777777778
5,21.714583333333334
6,-56.69027777777778
1,1.3875
3,0.6118055555555556
6,0.7347222222222223
4,13.697222222222223
5,38.02777777777778
1,0.7340277777777777
3,14.306944444444444
4,7.452083333333333
6,-6.853472222222222
9,12.716666666666667
1,1.4673611111111111
2,1.9416666666666667
4,42.22222222222222
3,-33.59027777777778
6,-0.46319444444444446
1,0.40694444444444444
3,4.592361111111111
6,2.6131944444444444
4,59.87777777777778
1,0.7090277777777778
19,4.7243055555555555
17,0.004861111111111111
6,8.228472222222223
3,0.3368055555555556
5,49.72708333333333
4,-24.06736111111111
1,2.6659722222222224
17,0.8923611111111112
3,43.44097222222222
4,5.6305555555555555
6,-2.1173611111111112
1,0.9395833333333333
8,25.680555555555557
3,11.424305555555556
6,3.676388888888889
4,21.769444444444446
1,0.3784722222222222
3,23.620833333333334
6,0.7263888888888889
5,41.013194444444444
4,-38.03472222222222
1,0.6048611111111111
6,55.040277777777774
1,1.2125
2,0.2520833333333333
4,39.140972222222224
3,-3.60625
6,-1.6034722222222222
1,0.3423611111111111
6,1.4020833333333333
3,0.2548611111111111
5,41.65694444444444
4,-10.192361111111111
1,0.36944444444444446
3,1.6298611111111112
6,2.50625
5,17.929861111111112
9,-8.334722222222222
4,-9.440972222222221
4,26.82847222222222
3,-12.32013888888889
6,-0.34444444444444444
9,19.860416666666666
1,0.42291666666666666
2,0.09722222222222222
4,19.133333333333333
3,-4.654166666666667
6,-0.49722222222222223
4,21.78125
3,-3.2006944444444443
6,-3.3868055555555556
5,38.386805555555554
3,3.4993055555555554
4,30.715972222222224
6,-24.239583333333332
1,0.45069444444444445
2,0.025694444444444443
3,2.5229166666666667
6,0.4840277777777778
5,70.93888888888888
9,-0.8256944444444444
4,-50.03541666666667
3,9.522916666666667
6,0.71875
4,5.704861111111111
5,77.2298611111111
1,4.385416666666667
4,29.093055555555555
3,-13.479166666666666
6,-0.49375
1,0.23958333333333334
2,0.1840277777777778
4,7.324305555555555
3,-1.7486111111111111
6,-0.6375
1,0.4236111111111111
3,10.575694444444444
6,0.46041666666666664
4,16.211111111111112
5,35.75138888888889
2,1.7201388888888889
3,13.631944444444445
6,5.454861111111111
4,6.958333333333333
9,10.14236111111111
1,0.2152777777777778
6,18.45625
1,0.40208333333333335
3,6.597222222222222
4,14.64861111111111
6,-13.916666666666666
5,19.925
1,2.36875
6,6.003472222222222
1,0.3104166666666667
3,0.6888888888888889
6,2.7666666666666666
4,-0.0125
9,15.997916666666667
5,14.967361111111112
1,0.32083333333333336
6,4.095833333333333
3,0.6243055555555556
4,0.6354166666666666
9,1.4715277777777778
5,21.51388888888889
6,33.827083333333334
2,0.16527777777777777
3,14.336805555555555
6,0.41805555555555557
4,3.2090277777777776
9,3.814583333333333
7,0.95625
3,0.6256944444444444
6,0.7430555555555556
4,25.874305555555555
7,2.9368055555555554
7,0.013888888888888888
9,9.841666666666667
5,17.26597222222222
1,1.0048611111111112
3,60.03611111111111
6,0.3840277777777778
4,1.2819444444444446
1,0.6423611111111112
2,0.009722222222222222
7,12.961805555555555
3,2.3854166666666665
4,14.685416666666667
6,-14.368055555555555
5,85.72430555555556
1,4.611111111111111
3,13.388194444444444
4,34.696527777777774
6,-32.83263888888889
6,11.895833333333334
1,0.5027777777777778
6,20.01388888888889
6,9.072222222222223
3,0.43472222222222223
4,5.38125
3,2.61875
4,4.54375
9,6.970138888888889
4,56.80555555555556
3,-36.4625
6,-4.124305555555556
4,29.075
3,-16.575694444444444
6,-11.606944444444444
1,0.36944444444444446
4,1.3930555555555555
3,0.23680555555555555
6,1.3923611111111112
9,13.706944444444444
5,41.61944444444445
1,0.5840277777777778
6,49.293055555555554
6,20.81111111111111
1,0.4652777777777778
6,25.930555555555557
1,0.32013888888888886
6,4.451388888888889
3,0.26944444444444443
5,29.677083333333332
4,-28.4
1,1.1965277777777779
2,0.23333333333333334
3,15.569444444444445
4,6.575
25,-6.009027777777778
25,0.041666666666666664
3,1.3923611111111112
5,82.71666666666667
4,-78.05
11,41.375
12,1.6069444444444445
9,21.98611111111111
6,-71.31597222222223
1,0.675
7,2.727777777777778
1,0.35
3,12.649305555555555
6,1.55
4,25.038888888888888
5,37.13055555555555
3,24.505555555555556
4,8.516666666666667
5,78.19930555555555
9,-13.08125
6,-72.04930555555555
1,0.6013888888888889
8,0.9152777777777777
4,56.2
3,-41.71736111111111
6,-1.6916666666666667
1,0.40347222222222223
3,24.595833333333335
4,34.375
5,36.666666666666664
6,-70.53125
1,0.36527777777777776
3,0.6340277777777777
4,32.577083333333334
3,-20.577083333333334
6,1.9958333333333333
6,-13.264583333333333
4,32.82083333333333
19,4.7243055555555555
17,0.004861111111111111
3,6.347916666666666
4,3.5416666666666665
5,17.197916666666668
6,-17.278472222222224
1,0.49444444444444446
6,3.9993055555555554
3,1.5055555555555555
4,12.597222222222221
5,30.143055555555556
3,13.3375
4,2.4916666666666667
6,-2.0590277777777777
5,114.26388888888889
1,0.6041666666666666
6,62.231944444444444
3,3.560416666666667
6,10.543055555555556
4,7.040277777777778
1,0.48055555555555557
6,50.83402777777778
1,1.3569444444444445
3,3.642361111111111
4,25.57986111111111
6,-21.247916666666665
1,0.6159722222222223
1,0.6215277777777778
1,1.3694444444444445
3,3.629861111111111
6,3.513888888888889
4,14.009722222222223
5,24.215972222222224
1,0.5791666666666667
4,47.02430555555556
3,-0.6041666666666666
6,-8.455555555555556
1,0.32222222222222224
3,3.6770833333333335
4,17.54722222222222
6,-17.28472222222222
5,48.34930555555555
3,5.580555555555556
6,0.5770833333333333
4,21.03472222222222
6,16.130555555555556
3,0.43472222222222223
4,9.45486111111111
1,0.58125
8,3.8777777777777778
8,0.10625
8,0.0006944444444444445
7,9.70138888888889
3,10.731944444444444
4,3.6972222222222224
6,3.798611111111111
9,0.6
4,19.900694444444444
3,-4.620833333333334
6,-2.4402777777777778
5,72.15972222222223
2,2.092361111111111
3,13.3875
6,5.58125
4,8.797916666666667
9,0.7208333333333333
1,0.61875
7,1.9145833333333333
3,11.465972222222222
4,6.6090277777777775
6,1.9847222222222223
9,0.5701388888888889
5,63.87777777777778
1,0.19236111111111112
7,0.42430555555555555
2,0.9319444444444445
4,39.047222222222224
3,-28.554861111111112
6,-3.60625
6,13.842361111111112
1,0.5777777777777777
8,0.9041666666666667
1,0.32916666666666666
3,2.670138888888889
6,3.45625
4,2.265972222222222
1,1.351388888888889
3,1.6479166666666667
6,0.7298611111111111
5,21.918055555555554
4,-21.10763888888889
1,0.3611111111111111
6,3.379166666666667
1,0.3472222222222222
7,0.10416666666666667
6,6.2875
3,0.2604166666666667
5,28.654166666666665
4,-28.25138888888889
1,0.32708333333333334
3,1.6722222222222223
4,21.68611111111111
6,-21.372916666666665
5,49.34375
4,30.95138888888889
3,-27.577083333333334
6,-1.5888888888888888
1,0.45694444444444443
3,11.584027777777777
6,0.42291666666666666
4,35.048611111111114
1,0.3840277777777778
3,0.6152777777777778
6,0.73125
5,54.922916666666666
4,-23.979166666666668
1,0.6319444444444444
2,0.02638888888888889
4,39.84583333333333
3,-34.50486111111111
6,-0.42291666666666666
1,0.19236111111111112
7,0.42430555555555555
2,0.9361111111111111
4,39.045138888888886
3,-28.556944444444444
6,-3.6069444444444443
1,3.8472222222222223
2,0.5618055555555556
16,5.13125
1,0.6027777777777777
6,18.847916666666666
1,0.37222222222222223
6,1.3625
19,4.7243055555555555
17,0.004861111111111111
1,3.5944444444444446
3,14.446527777777778
6,1.3701388888888888
5,63.62986111111111
4,-32.513888888888886
1,0.32013888888888886
4,10.045833333333333
3,-0.36666666666666664
6,-6.691666666666666
5,35.34722222222222
1,1.4388888888888889
6,0.0
6,0.0
6,0.0
6,0.0
15,0.0
15,0.0
15,0.0
15,0.0
20,4.430555555555555
1,0.6173611111111111
3,23.381944444444443
6,12.589583333333334
4,3.951388888888889
1,0.40694444444444444
3,4.592361111111111
4,62.490972222222226
6,-59.91458333333333
1,2.6659722222222224
8,0.021527777777777778
17,0.8708333333333333
4,49.071527777777774
3,-5.6305555555555555
6,-0.18055555555555555
3,36.69861111111111
4,1.7381944444444444
6,-1.2472222222222222
5,22.130555555555556
1,0.4361111111111111
3,20.563194444444445
4,22.570833333333333
6,-22.17361111111111
9,68.05416666666666
5,17.264583333333334
1,3.6034722222222224
17,0.005555555555555556
4,4.801388888888889
8,0.8965277777777778
6,14.311111111111112
3,4.230555555555555
4,0.5520833333333334
3,1.4333333333333333
4,42.574305555555554
6,-38.083333333333336
6,14.118055555555555
3,0.35625
5,51.65486111111111
4,-51.00416666666667
1,0.36527777777777776
3,6.634027777777778
4,10.425
6,-9.722222222222221
1,0.32083333333333336
3,0.6784722222222223
6,4.729861111111111
4,-0.33194444444444443
9,0.7069444444444445
5,43.62222222222222
6,4.057638888888889
3,0.5090277777777777
5,37.72013888888889
4,-16.99861111111111
4,28.959027777777777
3,-20.520138888888887
6,-0.4215277777777778
5,50.113194444444446
1,0.3701388888888889
3,0.6291666666666667
4,25.652083333333334
6,-24.353472222222223
5,76.42013888888889
2,0.0
4,43.19236111111111
3,-10.579166666666667
6,-25.535416666666666
1,2.472916666666667
2,0.024305555555555556
3,6.502083333333333
4,25.627083333333335
5,51.09236111111111
6,-72.39444444444445
3,18.314583333333335
6,0.4576388888888889
5,25.002083333333335
4,-17.919444444444444
1,0.19166666666666668
2,0.23194444444444445
25,1.2416666666666667
3,0.33402777777777776
6,0.4041666666666667
4,29.290972222222223
5,91.00208333333333
1,0.5965277777777778
4,13.95
3,-9.39375
6,-0.46041666666666664
1,0.19236111111111112
2,0.5333333333333333
6,3.69375
3,0.5798611111111112
4,8.45
4,29.014583333333334
3,-14.435416666666667
6,-6.502083333333333
4,30.179861111111112
3,-26.644444444444446
6,-0.35625
5,57.35625
1,0.7125
4,35.75347222222222
3,-8.466666666666667
6,-0.6402777777777777
1,0.5986111111111111
8,17.83888888888889
8,6.926388888888889
3,35.635416666666664
4,8.514583333333333
6,-0.84375
1,2.464583333333333
3,17.53472222222222
5,102.04166666666667
4,-101.64930555555556
9,1.7097222222222221
6,-0.47291666666666665
1,0.4354166666666667
2,0.175
6,1.7868055555555555
3,0.6020833333333333
5,62.65694444444444
4,-28.069444444444443
4,40.98125
3,-27.425694444444446
6,-0.4701388888888889
1,1.7340277777777777
3,14.306944444444444
6,0.5986111111111111
4,6.853472222222222
9,5.863194444444445
1,1.3569444444444445
3,3.642361111111111
6,3.4006944444444445
4,22.179166666666667
1,0.3284722222222222
6,2.401388888888889
3,0.26944444444444443
4,3.4034722222222222
5,37.31527777777778
4,2.0680555555555555
3,-0.7305555555555555
6,-0.525
5,19.972916666666666
3,13.495138888888889
6,0.4354166666666667
4,17.035416666666666
1,10.40625
6,1.0840277777777778
4,16.163194444444443
5,27.06597222222222
3,1.636111111111111
6,0.6576388888888889
4,21.788194444444443
1,0.5180555555555556
6,13.029166666666667
3,0.45208333333333334
4,2.4805555555555556
1,0.3506944444444444
6,1.3791666666666667
3,3.2694444444444444
5,30.65486111111111
4,-30.26597222222222
1,0.36875
6,18.155555555555555
1,0.3215277777777778
2,0.06527777777777778
6,3.9916666666666667
1,0.49583333333333335
4,51.19861111111111
3,-24.695138888888888
5,38.739583333333336
6,-55.31111111111111
1,1.351388888888889
3,1.6479166666666667
4,1.5402777777777779
6,-0.8104166666666667
5,21.918055555555554
3,0.4395833333333333
4,34.68819444444444
6,-34.05486111111111
4,78.95277777777778
3,-41.53125
6,-22.438194444444445
9,66.82291666666667
1,0.7868055555555555
8,46.7375
4,44.15902777777778
3,-27.64236111111111
7,2.6416666666666666
6,-14.335416666666667
1,0.3333333333333333
3,7.665972222222222
6,3.298611111111111
3,9.743055555555555
11,0.0
5,35.37847222222222
12,-11.141666666666667
4,0.1951388888888889
9,0.6652777777777777
4,-10.552777777777777
3,21.384027777777778
17,2.520138888888889
1,0.0
17,0.1625
4,2.785416666666667
5,2.9159722222222224
17,42.145833333333336
17,0.05625
1,2.3881944444444443
3,6.611111111111111
6,7.631944444444445
4,-5.026388888888889
9,5.486805555555556
1,0.42986111111111114
3,29.61111111111111
6,0.5284722222222222
5,44.173611111111114
3,-30.702083333333334
6,0.5118055555555555
4,9.126388888888888
9,19.959027777777777
4,-37.12847222222222
9,44.97291666666667
5,20.21388888888889
8,13.972222222222221
6,0.04236111111111111
2,0.8784722222222222
3,14.631944444444445
4,43.364583333333336
6,-42.890277777777776
1,0.3763888888888889
3,3.622916666666667
4,39.520833333333336
6,-35.94444444444444
9,87.14791666666666
5,6.929166666666666
8,23.87013888888889
16,0.1423611111111111
3,0.42986111111111114
4,14.39375
5,58.64791666666667
6,-72.21527777777777
6,0.0
15,0.0
6,0.0006944444444444445
6,0.0
15,0.0
15,0.0
15,0.0
20,0.018055555555555554
6,0.002777777777777778
15,0.0
15,0.0
20,0.001388888888888889
1,0.6243055555555556
16,21.00625
6,7.280555555555556
6,7.091666666666667
2,1.05625
3,15.370833333333334
6,0.8611111111111112
4,1.6006944444444444
1,0.3159722222222222
7,0.26666666666666666
3,0.4166666666666667
6,0.7319444444444444
4,12.920833333333333
5,35.766666666666666
2,0.2
3,20.34513888888889
4,6.51875
6,-4.809722222222222
1,1.351388888888889
3,0.6479166666666667
6,0.7305555555555555
4,0.6354166666666666
5,22.208333333333332
1,0.71875
2,0.011111111111111112
4,34.953472222222224
3,-3.6840277777777777
6,-0.26666666666666666
1,0.6416666666666667
6,20.759722222222223
1,0.48194444444444445
6,2.2472222222222222
3,3.270138888888889
4,17.6375
5,33.97430555555555
1,0.34791666666666665
4,45.29236111111111
3,-43.640972222222224
6,-0.2604166666666667
5,44.68333333333333
1,0.8631944444444445
8,5.888888888888889
3,0.24722222222222223
4,35.58888888888889
6,-34.19583333333333
9,48.104166666666664
1,1.3159722222222223
3,0.6833333333333333
4,0.6145833333333334
6,0.7
9,0.22847222222222222
5,8.834722222222222
3,3.560416666666667
6,13.536805555555556
4,4.0465277777777775
1,0.5333333333333333
16,39.924305555555556
1,0.35694444444444445
5,45.642361111111114
3,-44.0
4,-0.21736111111111112
9,1.7291666666666667
6,-0.20347222222222222
1,0.6708333333333333
6,23.943055555555556
6,4.74375
3,1.6298611111111112
4,15.613194444444444
6,5.907638888888889
3,10.383333333333333
4,11.463194444444444
1,0.32569444444444445
6,3.395138888888889
3,3.2784722222222222
5,51.73888888888889
4,-28.229166666666668
1,1.1909722222222223
2,0.24513888888888888
3,6.563194444444444
6,0.5652777777777778
4,35.143055555555556
5,15.011111111111111
6,0.8527777777777777
3,0.6604166666666667
5,26.667361111111113
4,-26.200694444444444
6,0.0
15,0.0
1,0.49930555555555556
4,15.98611111111111
3,-6.486111111111111
6,-2.613888888888889
1,0.4097222222222222
3,8.589583333333334
6,6.4006944444444445
4,-4.800694444444445
9,5.49375
1,0.19583333333333333
2,0.20277777777777778
16,0.35208333333333336
6,37.297916666666666
3,8.277083333333334
4,28.573611111111113
5,48.14652777777778
6,-70.84791666666666
4,24.005555555555556
3,-10.479861111111111
6,-4.520833333333333
1,0.4409722222222222
2,0.20208333333333334
4,60.75416666666667
3,-55.39791666666667
6,-0.38263888888888886
1,0.45625
6,43.25138888888889
1,0.4597222222222222
3,8.539583333333333
4,26.439583333333335
6,-24.053472222222222
5,59.33402777777778
6,13.88125
1,0.6868055555555556
3,17.354166666666668
6,2.767361111111111
4,8.85763888888889
9,14.930555555555555
1,0.1840277777777778
2,0.3111111111111111
6,4.899305555555555
3,0.6048611111111111
4,5.631944444444445
1,1.4319444444444445
17,0.18333333333333332
4,0.84375
1,0.44513888888888886
3,1.5541666666666667
6,11.544444444444444
4,8.955555555555556
5,20.004166666666666
1,0.19236111111111112
2,0.5326388888888889
6,3.7569444444444446
3,0.5173611111111112
4,8.545833333333333
1,0.3701388888888889
6,1.3701388888888888
3,0.2590277777777778
5,28.65486111111111
4,-28.243055555555557
8,10.815972222222221
4,46.32361111111111
3,-41.611805555555556
6,-4.710416666666666
3,6.615972222222222
4,45.704166666666666
6,-44.30972222222222
5,86.64722222222223
37,0.0020833333333333333
6,1.2993055555555555
1,0.34305555555555556
3,0.65625
6,0.7319444444444444
4,14.755555555555556
5,21.89236111111111
1,0.38263888888888886
2,0.0375
3,2.5791666666666666
6,0.32430555555555557
5,91.39236111111111
9,-13.081944444444444
4,-78.24027777777778
17,0.007638888888888889
3,172.4326388888889
4,3.542361111111111
5,5.149305555555555
1,1.3625
4,1.4368055555555554
3,0.2
6,1.31875
9,0.7770833333333333
2,4.042361111111111
3,16.436805555555555
6,5.447916666666667
4,-1.8541666666666667
9,2.502083333333333
1,0.35555555555555557
3,1.64375
4,11.645833333333334
6,-10.9125
11,54.30833333333333
24,28.222916666666666
9,0.32013888888888886
5,1.1354166666666667
5,36.321527777777774
1,0.5798611111111112
1,0.3298611111111111
3,2.6694444444444443
4,13.384027777777778
5,50.03611111111111
6,-60.077777777777776
3,4.288194444444445
4,4.713888888888889
5,19.790277777777778
6,-22.135416666666668
1,0.6895833333333333
3,44.30972222222222
6,2.5006944444444446
5,73.19583333333334
4,-10.175694444444444
6,16.083333333333332
3,0.3159722222222222
4,10.490972222222222
16,1.1284722222222223
3,51.59166666666667
8,1.2979166666666666
7,3.311111111111111
6,0.7694444444444445
4,36.2
9,2.1041666666666665
3,2.316666666666667
4,3.5243055555555554
6,-0.99375
9,49.61388888888889
5,2.595138888888889
1,0.6680555555555555
3,2.33125
6,11.409027777777778
4,7.043055555555555
9,5.133333333333334
5,66.83611111111111
1,0.30972222222222223
3,0.6895833333333333
6,0.7347222222222223
4,0.7145833333333333
5,62.97361111111111
1,0.1763888888888889
2,0.37569444444444444
4,11.9
3,-6.4527777777777775
6,-0.6
1,0.4270833333333333
2,0.034027777777777775
6,15.172916666666667
3,6.406944444444444
4,6.365972222222222
9,51.109722222222224
6,15.207638888888889
3,4.230555555555555
4,0.5520833333333334
21,28.23263888888889
1,1.363888888888889
3,0.6354166666666666
6,0.7305555555555555
4,30.711111111111112
1,76.46041666666666
8,39.21736111111111
4,20.8125
5,10.930555555555555
6,-22.78611111111111
6,0.0
3,6.40625
8,1.48125
6,0.0020833333333333333
6,0.0
6,0.0
6,0.0
6,0.0
6,0.0006944444444444445
6,-15.811111111111112
6,0.0
6,16.072916666666668
3,5.385416666666667
4,0.5590277777777778
1,0.22291666666666668
3,8.776388888888889
6,3.6013888888888888
4,7.009027777777778
9,45.02430555555556
5,13.081944444444444
1,2.6006944444444446
8,1.0118055555555556
3,43.386805555555554
6,6.591666666666667
4,-0.9826388888888888
1,0.6736111111111112
4,36.009027777777774
3,-1.6833333333333333
6,-7.529166666666667
1,0.3763888888888889
3,3.622916666666667
4,45.708333333333336
5,42.333333333333336
6,-87.48263888888889
1,0.3388888888888889
3,4.660416666666666
6,0.7319444444444444
4,33.87708333333333
1,0.5479166666666667
3,15.45138888888889
6,0.8152777777777778
4,6.847916666666666
3,9.55625
6,4.513888888888889
5,80.90902777777778
4,-57.67986111111111
1,0.5138888888888888
3,14.485416666666667
4,3.520138888888889
6,-2.8930555555555557
6,10.255555555555556
3,1.3284722222222223
4,2.421527777777778
5,17.226388888888888
1,0.5048611111111111
3,49.53611111111111
4,10.665972222222223
5,31.835416666666667
6,-42.18819444444444
1,0.6423611111111112
6,12.790972222222223
1,2.7291666666666665
3,7.270138888888889
4,7.385416666666667
6,-6.81875
9,78.06805555555556
5,13.081944444444444
1,0.3375
6,2.4194444444444443
3,0.2423611111111111
4,3.192361111111111
5,31.80763888888889
1,0.3736111111111111
3,1.6256944444444446
4,35.550694444444446
6,-34.82013888888889
1,0.31875
4,52.11736111111111
3,-48.43680555555556
6,-0.26875
5,58.925694444444446
6,8.054166666666667
1,0.4875
3,20.511805555555554
6,6.345833333333333
4,16.290277777777778
9,6.852777777777778
1,83.57291666666667
2,0.21319444444444444
3,20.25486111111111
4,8.415972222222223
6,-8.097222222222221
17,0.04652777777777778
1,16.591666666666665
17,0.004861111111111111
4,2.8631944444444444
5,6.926388888888889
17,74.2298611111111
17,6.725
17,72.10138888888889
17,0.12916666666666668
1,0.40555555555555556
2,0.0875
3,2.50625
6,5.4631944444444445
4,22.130555555555556
1,0.36875
3,1.6305555555555555
6,1.3895833333333334
4,12.264583333333333
5,29.80625
40,1.429861111111111
1,0.0006944444444444445
7,13.817361111111111
6,13.14861111111111
1,0.7305555555555555
6,117.68541666666667
1,1.4527777777777777
3,15.546527777777778
8,3.3180555555555555
4,7.2375
6,-7.2347222222222225
4,41.95902777777778
3,-27.41111111111111
6,-0.4625
1,0.6208333333333333
3,17.42013888888889
6,0.42430555555555555
4,23.07847222222222
9,1.1270833333333334
5,13.749305555555555
3,18.530555555555555
4,7.660416666666666
6,-6.861111111111111
9,14.75625
1,0.7604166666666666
2,0.0125
4,22.759027777777778
3,-7.532638888888889
6,-0.4236111111111111
5,71.84513888888888
27,0.04236111111111111
28,0.0
29,0.0
30,0.0
31,0.0
1,0.0
32,0.0
1,0.6715277777777777
6,17.849305555555556
1,0.41388888888888886
2,0.03680555555555556
4,2.213888888888889
3,-0.6652777777777777
6,-0.43819444444444444
9,80.07291666666667
5,13.081944444444444
1,0.375
13,17.231944444444444
1,0.3236111111111111
3,3.6756944444444444
4,13.377777777777778
5,38.28472222222222
6,-49.3375
1,0.6819444444444445
6,32.046527777777776
3,7.450694444444444
4,1.7291666666666667
6,15.207638888888889
3,0.19236111111111112
4,3.7381944444444444
40,0.38125
1,0.016666666666666666
6,30.097916666666666
1,0.41458333333333336
6,17.110416666666666
1,0.44166666666666665
6,41.12708333333333
16,0.8236111111111111
17,0.0
1,0.4166666666666667
3,4.582638888888889
6,2.3340277777777776
4,27.42013888888889
5,22.667361111111113
17,0.007638888888888889
3,12.486805555555556
6,0.4486111111111111
4,14.161111111111111
4,15.803472222222222
3,-3.4340277777777777
6,-0.475
5,88.51666666666667
1,0.43333333333333335
3,14.565972222222221
4,35.70625
6,-23.261111111111113
1,0.47430555555555554
3,1.525
4,19.37152777777778
6,-11.978472222222223
1,0.3326388888888889
3,4.666666666666667
11,0.0
4,0.47291666666666665
6,-0.052083333333333336
12,89.12569444444445
4,0.001388888888888889
9,0.0006944444444444445
5,3.104861111111111
6,8.229166666666666
1,0.3402777777777778
3,1.6590277777777778
4,4.493055555555555
6,-3.7604166666666665
5,19.84236111111111
6,9.808333333333334
3,3.673611111111111
4,18.383333333333333
5,30.273611111111112
1,0.32708333333333334
4,2.4118055555555555
3,-0.7395833333333334
5,21.700694444444444
6,-21.96388888888889
1,0.3902777777777778
2,0.08333333333333333
6,5.095138888888889
3,0.4305555555555556
4,33.51111111111111
5,45.53055555555556
3,8.48125
4,11.694444444444445
6,-10.964583333333334
5,42.010416666666664
1,0.3472222222222222
3,3.652083333333333
6,0.7034722222222223
4,5.606944444444444
16,0.018055555555555554
1,0.34305555555555556
3,1.65625
4,18.634722222222223
5,24.104861111111113
6,-41.011805555555554
8,0.007638888888888889
8,0.0020833333333333333
8,1.925
3,1.575
6,0.38055555555555554
4,35.334722222222226
6,14.230555555555556
3,0.2798611111111111
5,114.69652777777777
4,-112.32222222222222
1,0.5277777777777778
2,0.018055555555555554
6,5.944444444444445
3,0.5090277777777777
4,3.597916666666667
9,9.883333333333333
5,63.238194444444446
1,0.6048611111111111
6,7.781944444444444
3,1.4958333333333333
4,39.49583333333333
1,0.6361111111111111
6,17.956944444444446
3,0.4479166666666667
4,0.3784722222222222
9,28.957638888888887
6,28.138194444444444
15,0.0
15,0.0
15,0.0
15,0.0
15,0.0
15,0.0
15,0.0
6,0.0
15,0.0020833333333333333
15,0.0
15,0.0
15,0.0
15,0.0
15,0.0
15,0.0
15,0.0
15,0.0
15,0.0
15,0.0
6,0.0
1,2.26875
3,1.7305555555555556
4,13.27361111111111
5,29.381944444444443
6,-38.28611111111111
1,0.3923611111111111
16,1.9694444444444446
4,63.99861111111111
3,-59.78541666666667
5,66.74375
6,-67.20833333333333
3,25.479166666666668
4,30.65763888888889
5,32.34236111111111
6,-57.44722222222222
1,0.6152777777777778
8,1.770138888888889
3,6.613888888888889
4,33.645833333333336
5,45.395833333333336
6,-78.60416666666667
1,1.3875
3,3.6118055555555557
4,46.515972222222224
6,-41.19027777777778
1,0.3590277777777778
3,3.640277777777778
4,3.4722222222222223
5,20.184722222222224
6,-21.929861111111112
1,7.354166666666667
4,6.211805555555555
6,-4.221527777777778
5,22.115972222222222
3,12.466666666666667
4,23.495833333333334
6,-22.044444444444444
5,64.97013888888888
2,1.8027777777777778
3,13.593055555555555
4,3.61875
6,-3.1756944444444444
1,0.43819444444444444
2,0.04375
4,37.13611111111111
3,-5.61875
6,-0.3236111111111111
9,70.95833333333333
5,13.081944444444444
1,0.6868055555555556
1,0.7736111111111111
8,28.792361111111113
3,14.475
6,2.7604166666666665
4,41.87986111111111
2,0.07013888888888889
4,17.76527777777778
3,-3.3944444444444444
6,-0.3541666666666667
1,0.43819444444444444
2,0.04375
16,2.354861111111111
1,0.5680555555555555
6,53.084722222222226
3,0.38819444444444445
4,5.440277777777778
5,52.21666666666667
6,6.860416666666667
3,46.080555555555556
4,5.668055555555555
6,-3.10625
4,27.606944444444444
3,-2.290277777777778
6,-0.4597222222222222
9,8.973611111111111
5,37.486111111111114
6,15.235416666666667
3,0.3111111111111111
4,10.497916666666667
1,0.3902777777777778
3,1.6090277777777777
4,31.595833333333335
6,-28.052083333333332
5,65.17569444444445
3,8.511805555555556
6,0.2777777777777778
4,16.15486111111111
1,0.8097222222222222
6,10.717361111111112
6,4.198611111111111
1,0.3590277777777778
3,0.6402777777777777
4,18.525694444444444
5,30.194444444444443
6,-45.40138888888889
1,0.30972222222222223
3,0.6895833333333333
6,0.7347222222222223
5,63.68819444444444
4,-62.97361111111111
6,0.0006944444444444445
17,0.03888888888888889
3,6.347916666666666
4,3.5416666666666665
6,-0.08541666666666667
5,17.283333333333335
1,0.6548611111111111
6,38.768055555555556
6,14.047222222222222
1,4.6819444444444445
1,0.3729166666666667
3,1.6263888888888889
4,19.511111111111113
5,16.207638888888887
6,-34.981944444444444
2,0.8645833333333334
6,14.043055555555556
3,0.4826388888888889
4,0.7090277777777778
1,0.3763888888888889
3,3.622916666666667
4,45.708333333333336
5,42.333333333333336
6,-87.58055555555555
3,5.365277777777778
6,1.604861111111111
5,64.0513888888889
4,-28.985416666666666
3,19.540972222222223
6,1.6784722222222221
4,14.909027777777778
1,0.4534722222222222
8,29.22013888888889
6,0.0006944444444444445
3,5.325
4,1.7361111111111112
1,0.2388888888888889
2,0.09652777777777778
4,16.075694444444444
3,-9.411805555555556
5,86.69722222222222
6,-87.37083333333334
4,14.988194444444444
3,-0.5180555555555556
6,-0.3416666666666667
1,0.6270833333333333
3,17.372222222222224
4,3.5395833333333333
6,-0.925
9,8.899305555555555
1,0.7125
1,0.3333333333333333
3,2.6659722222222224
4,26.74652777777778
6,-22.447222222222223
5,45.12083333333333
1,0.42083333333333334
4,16.12361111111111
3,-2.5034722222222223
6,-0.3888888888888889
1,0.39791666666666664
3,1.601388888888889
4,18.40972222222222
6,-17.735416666666666
1,0.4388888888888889
4,21.104166666666668
3,-2.502083333333333
6,-0.3909722222222222
1,0.7125
3,15.286805555555556
4,5.557638888888889
5,106.13888888888889
9,-101.11111111111111
6,-10.270833333333334
3,0.47708333333333336
4,32.395833333333336
6,-27.927083333333332
5,86.57291666666667
1,0.5006944444444444
6,14.024305555555555
3,0.47430555555555554
5,42.422916666666666
4,-36.83402777777778
1,0.7326388888888888
6,9.972222222222221
3,3.2944444444444443
4,37.47430555555555
1,0.4131944444444444
3,6.586111111111111
4,26.695833333333333
6,-26.229861111111113
5,50.27430555555556
2,1.1409722222222223
4,30.946527777777778
3,-3.5861111111111112
6,-0.4847222222222222
1,0.3715277777777778
3,1.6277777777777778
4,26.685416666666665
5,31.314583333333335
6,-56.71597222222222
1,0.36736111111111114
5,51.35069444444444
3,-49.71875
4,-0.23958333333333334
9,1.3402777777777777
6,-0.3680555555555556
1,0.3763888888888889
3,1.6229166666666666
6,0.7270833333333333
4,19.82777777777778
8,56.93611111111111
6,4.959722222222222
1,3.561111111111111
4,92.12222222222222
3,-58.642361111111114
6,-0.6298611111111111
1,0.45069444444444445
6,23.172916666666666
8,0.002777777777777778
1,0.5118055555555555
16,0.12291666666666666
17,0.0
3,11.389583333333333
4,9.579166666666667
6,-7.11875
1,4.393055555555556
17,0.09027777777777778
4,9.251388888888888
5,13.046527777777778
17,48.855555555555554
17,0.049305555555555554
1,1.3875
2,0.010416666666666666
4,15.254166666666666
5,77.04444444444445
3,-83.69722222222222
6,-1.429861111111111
6,0.0006944444444444445
1,0.38819444444444445
3,0.6111111111111112
4,28.649305555555557
5,36.35069444444444
6,-63.610416666666666
4,10.102777777777778
3,-2.420138888888889
6,-0.2625
5,54.98125
1,0.59375
8,5.810416666666667
4,78.06736111111111
3,-38.43055555555556
6,-16.447222222222223
2,0.0
6,1.0902777777777777
3,17.53125
4,8.394444444444444
5,87.64722222222223
1,0.3840277777777778
3,2.6152777777777776
4,1.6916666666666667
6,-1.0784722222222223
1,1.3881944444444445
2,0.18125
4,51.05694444444445
3,-36.62708333333333
6,-0.38125
1,0.45069444444444445
3,2.548611111111111
6,5.61875
4,20.59375
5,28.443055555555556
19,4.7243055555555555
17,0.004861111111111111
17,0.08125
1,0.45
2,0.06319444444444444
4,19.153472222222224
3,-0.6673611111111111
6,-0.325
6,1.0465277777777777
3,0.27847222222222223
4,7.394444444444445
9,71.24027777777778
5,13.081944444444444
6,18.395138888888887
3,6.069444444444445
4,5.517361111111111
3,2.4256944444444444
6,0.7298611111111111
5,61.99027777777778
9,-16.040277777777778
4,-0.08541666666666667
1,0.7402777777777778
3,0.6090277777777777
6,1.2840277777777778
5,56.71597222222222
4,-31.302777777777777
1,1.3916666666666666
5,46.06736111111111
3,-44.459722222222226
6,0.7354166666666667
9,0.3659722222222222
4,-1.3256944444444445
8,5.970833333333333
3,4.419444444444444
6,0.3472222222222222
4,27.30625
5,32.34652777777778
3,9.564583333333333
6,4.541666666666667
4,38.111111111111114
5,35.045138888888886
1,0.31805555555555554
3,1.68125
6,3.55625
5,30.904166666666665
4,-18.000694444444445
2,2.015277777777778
4,14.053472222222222
3,-1.5479166666666666
6,-0.20972222222222223
1,0.37569444444444444
3,1.6236111111111111
4,17.509722222222223
6,-16.771527777777777
5,20.721527777777776
4,31.081944444444446
3,-23.55
6,-3.6847222222222222
2,0.8486111111111111
3,14.63125
4,0.6097222222222223
6,-0.20277777777777778
9,21.040277777777778
1,0.36875
3,9.630555555555556
6,0.7375
5,26.919444444444444
4,-23.056944444444444
1,0.7868055555555555
8,46.7375
6,4.822916666666667
3,11.69375
7,2.6416666666666666
4,25.000694444444445
1,1.3902777777777777
3,1.6090277777777777
4,28.583333333333332
5,29.073611111111113
6,-56.925
17,0.02013888888888889
1,0.4548611111111111
4,10.265972222222222
3,-1.679861111111111
6,-0.47152777777777777
15,0.0
15,0.0
15,0.0
15,0.0
15,0.0
15,0.0
15,0.0
15,0.0
15,0.0
6,0.0
15,0.0006944444444444445
15,0.0
15,0.0
15,0.0
15,0.0
15,0.0
15,0.0
15,0.0
15,0.0
15,0.0
15,0.0
15,0.0
6,0.0
6,0.0
6,0.0
6,0.0
15,0.0006944444444444445
15,0.0
15,0.0
15,0.0
15,0.0
15,0.0
15,0.0
15,0.0
15,0.0
15,0.0
15,0.0
15,0.0
6,0.0
6,0.0
6,0.0
6,0.0
6,0.0
15,0.0006944444444444445
15,0.0
15,0.0
15,0.0
15,0.0
15,0.0
15,0.0
15,0.0
15,0.0
6,0.0
6,0.0
6,0.0
6,0.0
15,0.0006944444444444445
15,0.0
15,0.0
15,0.0
15,0.0
15,0.0
15,0.0
15,0.0
15,0.0
15,0.0
15,0.0
6,0.0
6,0.0
6,0.0
6,0.0
6,0.0
6,0.0
15,0.0006944444444444445
15,0.0
15,0.0
15,0.0
15,0.0
15,0.0
15,0.0
15,0.0
15,0.0
15,0.0
15,0.0
15,0.0
6,0.0
6,0.0
6,0.0
6,0.0
15,0.0006944444444444445
15,0.0
15,0.0
15,0.0
15,0.0
15,0.0
15,0.0
15,0.0
15,0.0
15,0.0
6,0.0
6,0.0
15,0.0006944444444444445
15,0.0
15,0.0
15,0.0
15,0.0
15,0.0
15,0.0
15,0.0
15,0.0
15,0.0
15,0.0
6,0.0
6,0.0
6,0.0
15,0.0006944444444444445
15,0.0
15,0.0
15,0.0
15,0.0
15,0.0
15,0.0
15,0.0
15,0.0
15,0.0
6,0.0
6,0.0
6,0.0
6,0.0
15,0.0006944444444444445
15,0.0
15,0.0
15,0.0
15,0.0
15,0.0
15,0.0
15,0.0
15,0.0
6,0.0
6,0.0
6,0.0
6,0.0
6,0.0
15,0.0006944444444444445
15,0.0
15,0.0
15,0.0
15,0.0
15,0.0
15,0.0
15,0.0
15,0.0
6,0.0
6,0.0
6,0.0
6,0.0
15,0.0006944444444444445
15,0.0
15,0.0
15,0.0
15,0.0
15,0.0
15,0.0
15,0.0
15,0.0
15,0.0
6,0.0
6,0.0
6,0.0
6,0.0
15,0.0006944444444444445
15,0.0
15,0.0
15,0.0
15,0.0
15,0.0
15,0.0
15,0.0
6,0.0
6,0.0
15,0.0006944444444444445
15,0.0
15,0.0
6,0.0
15,0.002777777777777778
15,0.0
15,0.0
15,0.0
6,0.0
15,0.001388888888888889
15,0.0
6,0.0
15,0.0006944444444444445
15,0.0
6,0.0
1,0.6118055555555556
2,8.909027777777778
6,24.809722222222224
13,0.25763888888888886
1,0.4736111111111111
6,17.083333333333332
3,0.4423611111111111
5,48.419444444444444
4,-21.6375
3,10.0
3,29.0
11,0.0
3,10.0
1,20.533333333333335
15,24.9625
15,0.0
4,1.0131944444444445
15,-1.0125
5,2.9652777777777777
6,-2.9659722222222222
6,0.0006944444444444445
4,3.0541666666666667
4,3.120138888888889
5,3.0569444444444445
15,1.75625
6,0.0
15,0.0020833333333333333
6,0.0
15,0.0006944444444444445
6,0.0
15,0.0006944444444444445
6,0.0
4,9.17986111111111
5,3.0243055555555554
4,4.909722222222222
12,0.002777777777777778
5,0.0006944444444444445
4,32.89861111111111
3,-16.448611111111113
6,-0.5201388888888889
1,0.37083333333333335
3,2.6284722222222223
6,0.7361111111111112
4,33.87777777777778
5,21.105555555555554
17,6.413888888888889
17,42.06041666666667
1,0.0
17,0.001388888888888889
4,0.9861111111111112
1,0.38055555555555554
3,0.61875
6,4.350694444444445
4,13.099305555555556
5,17.26875
1,0.4263888888888889
3,3.5729166666666665
4,38.55486111111111
5,20.866666666666667
6,-56.68819444444444
1,0.3472222222222222
3,3.652083333333333
4,30.686805555555555
6,-28.30763888888889
5,52.31180555555556
1,0.39444444444444443
3,12.604861111111111
6,6.3902777777777775
4,-4.709027777777778
9,5.4125
1,0.3729166666666667
3,1.6263888888888889
4,14.388194444444444
6,-13.622222222222222
4,63.95625
3,-46.59861111111111
6,-0.5930555555555556
1,0.6256944444444444
16,4.127777777777778
1,0.37083333333333335
3,7.628472222222222
4,11.395138888888889
5,58.324305555555554
9,-0.2013888888888889
6,-65.81805555555556
1,0.4076388888888889
3,10.633333333333333
4,1.7020833333333334
6,4.804166666666666
9,0.5965277777777778
1,1.3680555555555556
3,1.63125
6,0.7347222222222223
5,57.68680555555556
4,-21.763194444444444
6,13.0375
3,7.592361111111111
4,36.611805555555556
5,28.388194444444444
1,4.509027777777778
3,4.490277777777778
6,1.6423611111111112
4,7.990972222222222
1,0.6708333333333333
3,37.328472222222224
4,13.614583333333334
6,-1.9375
1,0.36180555555555555
6,14.272222222222222
6,24.104166666666668
3,6.472916666666666
4,5.472222222222222
1,1.4777777777777779
6,14.090972222222222
3,0.4305555555555556
4,0.7159722222222222
19,4.7243055555555555
17,0.004861111111111111
1,2.5819444444444444
6,14.865972222222222
3,0.5930555555555556
5,36.38125
4,-22.719444444444445
5,22.719444444444445
1,0.39652777777777776
3,0.6027777777777777
6,5.747916666666667
5,48.90763888888889
4,-28.03611111111111
4,53.02013888888889
3,-44.510416666666664
6,-0.5152777777777777
1,0.3729166666666667
2,0.2625
3,1.363888888888889
6,0.5854166666666667
4,28.989583333333332
3,2.598611111111111
6,5.497916666666667
4,3.1729166666666666
5,35.329166666666666
17,0.04583333333333333
6,0.0
6,0.0
6,0.0
6,0.0
15,0.0
15,0.0
15,0.0
15,0.0
6,0.0006944444444444445
6,0.0
6,0.0
6,0.0
15,0.0
15,0.0
15,0.0
15,0.0
1,0.21736111111111112
3,7.781944444444444
4,7.427777777777778
6,-3.879166666666667
9,10.006944444444445
1,1.4555555555555555
4,14.229861111111111
3,-4.686111111111111
6,-0.5381944444444444
3,3.557638888888889
6,10.604166666666666
4,22.916666666666668
1,1.632638888888889
17,5.715277777777778
5,31.372916666666665
4,-13.102083333333333
1,0.5152777777777777
3,0.4840277777777778
4,45.62638888888889
6,-24.927777777777777
17,4.902777777777778
1,0.0
17,0.001388888888888889
1,0.39166666666666666
3,1.6076388888888888
6,7.472916666666666
4,6.176388888888889
5,22.730555555555554
19,4.7243055555555555
17,0.004861111111111111
3,15.333333333333334
4,4.425
6,-1.9256944444444444
5,59.15555555555556
15,0.0
15,0.0
15,0.0
15,0.0
15,0.0
15,0.0
15,0.0
15,0.0
4,22.51388888888889
3,-10.466666666666667
6,-12.047222222222222
1,0.6868055555555556
3,66.35416666666667
4,38.50486111111111
6,-31.90625
1,0.33402777777777776
3,2.665277777777778
4,19.509027777777778
6,-18.77638888888889
5,61.922222222222224
1,0.5451388888888888
20,4.904861111111111
1,0.4166666666666667
6,22.07638888888889
7,6.074305555555555
16,48.91041666666667
1,0.61875
6,6.721527777777778
4,0.3194444444444444
3,0.33958333333333335
5,30.6
1,0.38333333333333336
6,7.319444444444445
3,-0.7034722222222223
4,-0.2923611111111111
9,1.382638888888889
6,0.013888888888888888
3,13.352083333333333
4,5.482638888888889
5,101.21388888888889
9,-86.95625
6,-18.207638888888887
1,0.35555555555555557
3,4.64375
6,1.4243055555555555
5,78.61736111111111
4,-65.40416666666667
1,0.4027777777777778
2,0.175
3,13.421527777777778
4,31.521527777777777
6,-27.944444444444443
1,0.31180555555555556
6,1.4222222222222223
3,1.2652777777777777
4,3.4243055555555557
5,3.9541666666666666
1,0.5951388888888889
3,7.404166666666667
4,27.582638888888887
5,50.136805555555554
6,-72.23541666666667
1,0.19236111111111112
7,0.42430555555555555
2,0.9354166666666667
4,14.028472222222222
3,-1.5395833333333333
6,-0.6118055555555556
4,38.84097222222222
3,-24.565277777777776
6,-0.41944444444444445
4,22.050694444444446
3,-4.54375
6,-1.2173611111111111
9,12.73125
6,11.02361111111111
1,0.4513888888888889
16,0.03680555555555556
7,0.0
1,0.5743055555555555
2,0.17708333333333334
3,6.247916666666667
6,4.361805555555556
5,67.67986111111111
4,-42.386805555555554
1,0.3993055555555556
2,0.04652777777777778
3,2.553472222222222
4,6.466666666666667
6,-6.144444444444445
9,77.3125
5,13.081944444444444
1,0.22430555555555556
3,18.775
4,6.456944444444445
6,-3.7291666666666665
9,13.827777777777778
1,0.375
2,0.3125
4,70.79444444444445
3,-42.44097222222222
6,-0.4444444444444444
9,47.15694444444444
1,0.35347222222222224
7,0.08263888888888889
3,1.5631944444444446
6,0.7305555555555555
4,55.75138888888889
5,7.261805555555555
1,0.21041666666666667
2,0.30694444444444446
3,1.4819444444444445
6,1.4777777777777779
5,36.522222222222226
4,-31.56875
6,7.996527777777778
3,8.584027777777777
5,106.04166666666667
4,-101.79791666666667
1,1.3618055555555555
6,1.3666666666666667
3,0.2708333333333333
5,64.65694444444445
4,-10.238888888888889
6,0.019444444444444445
15,0.0
3,6.409722222222222
5,21.727777777777778
9,-20.974305555555556
4,-0.37777777777777777
1,0.32708333333333334
7,0.15069444444444444
3,1.5215277777777778
4,52.43194444444445
5,10.225
9,-0.22777777777777777
6,-59.013194444444444
1,0.42916666666666664
6,32.015277777777776
3,0.5965277777777778
4,15.602083333333333
5,50.052083333333336
3,10.560416666666667
4,3.702777777777778
6,-0.18888888888888888
5,80.18402777777777
6,0.0
6,0.0
6,0.0
6,0.0
15,0.0
15,0.0
15,0.0
15,0.0
6,0.0006944444444444445
6,0.0
15,0.0
15,0.0
6,0.0006944444444444445
6,0.0
6,0.0
15,0.0
15,0.0
15,0.0
6,0.0006944444444444445
15,0.0
6,0.00625
15,0.0
6,0.0006944444444444445
6,0.0
6,0.0
15,0.0
15,0.0
15,0.0
6,0.0006944444444444445
15,0.0
6,17.09375
1,4.659722222222222
3,14.339583333333334
4,3.3777777777777778
5,59.34097222222222
6,-62.24652777777778
4,32.99791666666667
3,-24.61875
6,-0.43194444444444446
5,55.171527777777776
17,0.058333333333333334
3,0.4083333333333333
4,0.48194444444444445
17,67.89861111111111
17,0.1423611111111111
17,21.839583333333334
17,0.3326388888888889
5,34.84583333333333
1,1.3625
6,2.9555555555555557
3,-1.31875
4,-0.2
9,2.2958333333333334
1,0.3993055555555556
2,0.030555555555555555
6,7.305555555555555
3,0.2638888888888889
4,1.4069444444444446
9,71.22777777777777
5,13.081944444444444
3,11.374305555555555
6,3.6395833333333334
4,29.033333333333335
1,0.7354166666666667
3,22.26388888888889
4,31.55
6,-31.164583333333333
7,35.230555555555554
9,0.0
5,13.102777777777778
1,0.4083333333333333
2,0.021527777777777778
6,1.1229166666666666
3,0.4465277777777778
4,1.6736111111111112
9,61.84444444444444
5,0.2013888888888889
1,16.65486111111111
17,10.948611111111111
4,17.905555555555555
3,-15.509722222222223
6,-0.39861111111111114
1,0.7652777777777777
6,21.64097222222222
1,0.4652777777777778
3,33.575694444444444
4,1.6930555555555555
5,48.9625
9,-20.21388888888889
6,-29.90138888888889
4,26.216666666666665
3,-14.652777777777779
6,-4.569444444444445
5,41.950694444444444
4,28.104861111111113
3,-17.55902777777778
6,-2.888888888888889
1,0.49722222222222223
3,0.5020833333333333
7,19.408333333333335
8,18.117361111111112
4,30.247222222222224
5,16.946527777777778
6,-30.127083333333335
1,0.4548611111111111
6,8.114583333333334
3,0.47152777777777777
4,1.679861111111111
1,0.5784722222222223
6,27.15486111111111
3,5.597222222222222
6,0.7159722222222222
4,29.468055555555555
9,18.48402777777778
5,1.9444444444444444
1,0.5833333333333334
16,7.871527777777778
1,0.19583333333333333
2,0.2513888888888889
4,19.043055555555554
3,-13.490972222222222
6,-0.47708333333333336
3,28.414583333333333
6,0.36041666666666666
4,5.272222222222222
5,36.02430555555556
3,4.56875
8,0.6743055555555556
6,0.0006944444444444445
4,41.759027777777774
1,0.6479166666666667
6,11.796527777777778
15,0.0
15,0.0
15,0.0
15,0.0
15,0.0
15,0.0
15,0.0
15,0.0
15,0.0
6,0.0
15,0.0020833333333333333
6,0.0
4,26.01875
3,-11.478472222222223
6,-0.5375
1,1.4076388888888889
4,53.300694444444446
3,-42.70902777777778
6,-0.3416666666666667
5,91.03819444444444
1,0.30694444444444446
3,36.69236111111111
4,31.53472222222222
6,-28.21527777777778
5,45.39930555555556
3,17.572916666666668
4,14.54513888888889
6,-10.009027777777778
1,5.490972222222222
3,8.55
4,28.634722222222223
5,36.36527777777778
6,-63.58541666666667
6,0.0006944444444444445
1,0.43819444444444444
1,0.4444444444444444
2,0.01597222222222222
6,2.2222222222222223
3,0.31666666666666665
4,5.354166666666667
5,79.06736111111111
8,1.91875
3,22.493055555555557
6,0.32430555555555557
4,5.322222222222222
3,5.580555555555556
6,0.5770833333333333
4,21.03472222222222
1,0.6777777777777778
4,27.975
3,-0.6534722222222222
6,-6.551388888888889
1,1.382638888888889
3,3.6166666666666667
4,39.45902777777778
5,23.196527777777778
6,-49.204861111111114
3,3.0
1,2.452777777777778
4,40.00763888888889
5,45.58125
15,-85.58888888888889
15,0.0
6,0.0006944444444444445
15,0.0
6,-0.0006944444444444445
4,40.27152777777778
4,0.0006944444444444445
6,-40.272222222222226
1,0.3541666666666667
3,2.645138888888889
6,2.729861111111111
3,24.311805555555555
11,0.0
4,6.590972222222222
12,13.790972222222223
9,0.7069444444444445
4,3.2416666666666667
5,3.3465277777777778
5,7.701388888888889
1,0.35
3,2.6493055555555554
6,2.311111111111111
4,1.1375
5,31.011111111111113
3,3.6180555555555554
4,4.622916666666667
6,-1.8027777777777778
1,1.4243055555555555
2,0.015277777777777777
6,2.251388888888889
3,3.308333333333333
4,1.6201388888888888
1,0.18194444444444444
2,0.31527777777777777
6,3.9881944444444444
3,0.5138888888888888
4,2.584722222222222
1,0.46875
13,7.19375
16,0.014583333333333334
3,6.572916666666667
6,0.32708333333333334
5,21.320833333333333
4,-20.12361111111111
1,0.4847222222222222
2,0.03819444444444445
6,5.0472222222222225
6,0.7402777777777778
3,0.6888888888888889
4,5.363888888888889
4,0.06111111111111111
5,78.99652777777777
1,1.5243055555555556
6,1.1402777777777777
6,41.19097222222222
1,0.6708333333333333
7,18.959027777777777
6,35.81458333333333
16,3.886111111111111
1,2.459722222222222
2,0.0
6,1.0145833333333334
4,1.9375
1,0.5423611111111111
2,0.07569444444444444
6,7.952083333333333
3,0.42916666666666664
4,13.504166666666666
9,34.97152777777778
6,7.9840277777777775
3,0.34444444444444444
4,20.472916666666666
3,13.572916666666666
4,1.5722222222222222
6,5.2131944444444445
9,0.30833333333333335
1,0.61875
6,47.93263888888889
6,4.340972222222222
1,1.5020833333333334
7,1.2375
6,28.945833333333333
17,0.9215277777777777
7,27.8
1,0.3548611111111111
3,3.6444444444444444
6,2.3618055555555557
4,25.25625
5,31.12152777777778
6,13.776388888888889
6,14.944444444444445
3,0.42986111111111114
4,4.571527777777778
6,35.24791666666667
1,0.4111111111111111
2,0.10208333333333333
4,22.26527777777778
3,-0.7375
6,-0.3840277777777778
9,62.859722222222224
6,28.129166666666666
1,0.39791666666666664
3,1.601388888888889
6,0.6743055555555556
4,17.735416666666666
1,0.31875
3,3.6805555555555554
4,48.72847222222222
6,-48.42916666666667
5,51.33263888888889
1,0.37430555555555556
3,1.625
4,31.67361111111111
5,17.045833333333334
6,-47.99166666666667
1,0.5520833333333334
2,0.02638888888888889
3,8.420833333333333
6,3.370138888888889
5,67.67152777777778
4,-38.40902777777778
3,8.520833333333334
4,1.5652777777777778
6,-0.6875
1,0.38333333333333336
4,6.323611111111111
3,0.2923611111111111
6,0.7034722222222223
9,0.38680555555555557
1,0.3597222222222222
3,4.639583333333333
5,19.677083333333332
6,-16.945833333333333
9,0.36736111111111114
4,-0.4652777777777778
1,91.67430555555555
6,31.055555555555557
6,4.999305555555556
4,11.842361111111112
5,3.1479166666666667
6,8.164583333333333
3,8.427083333333334
4,4.355555555555555
5,101.68611111111112
2,4.9527777777777775
6,10.038194444444445
3,0.3861111111111111
4,5.488888888888889
9,21.84722222222222
1,0.4513888888888889
3,17.547916666666666
4,20.366666666666667
5,70.34930555555556
9,-17.264583333333334
6,-72.86458333333333
6,47.03263888888889
1,0.39166666666666666
3,5.607638888888889
4,14.658333333333333
6,-13.314583333333333
9,90.11805555555556
3,19.431944444444444
4,36.611111111111114
6,-34.99583333333333
5,64.04097222222222
3,0.675
4,17.566666666666666
5,17.153472222222224
6,-33.986805555555556
1,1.5527777777777778
10,0.13125
4,30.783333333333335
3,-8.468055555555555
5,51.419444444444444
6,-51.75208333333333
1,0.46458333333333335
3,21.53472222222222
4,27.646527777777777
6,-21.24513888888889
9,74.05
5,17.264583333333334
6,21.035416666666666
4,78.95277777777778
3,-41.53125
6,-22.439583333333335
9,66.82430555555555
1,0.525
8,31.049305555555556
6,0.0
3,2.5701388888888888
6,3.4506944444444443
4,91.17708333333333
5,10.088888888888889
1,0.36944444444444446
3,3.629861111111111
4,13.722916666666666
6,-11.984027777777778
9,76.81875
5,1.1625
1,1.6194444444444445
7,13.07013888888889
3,6.351388888888889
4,5.4215277777777775
6,-3.0243055555555554
5,20.28125
4,1.7013888888888888
3,-0.2125
6,-0.4388888888888889
5,12.943055555555556
1,0.4215277777777778
2,0.018055555555555554
4,8.235416666666667
6,-6.032638888888889
6,0.06458333333333334
3,0.2923611111111111
6,-0.35694444444444445
4,6.0368055555555555
3,15.361805555555556
6,0.29583333333333334
4,4.45
5,65.90972222222223
1,15.416666666666666
17,0.06180555555555556
4,0.9868055555555556
17,3.9159722222222224
17,0.001388888888888889
5,3.111111111111111
3,7.402083333333334
6,0.5368055555555555
4,25.052777777777777
6,12.852083333333333
3,3.4277777777777776
5,62.65486111111111
4,-51.21527777777778
1,0.38472222222222224
3,5.614583333333333
4,15.630555555555556
6,-14.822916666666666
1,10.425694444444444
6,1.0333333333333334
4,15.179166666666667
5,7.797916666666667
3,3.602777777777778
4,0.4444444444444444
6,-0.10694444444444444
5,22.110416666666666
3,18.52777777777778
4,12.404861111111112
6,-8.82638888888889
9,68.81111111111112
5,17.30625
3,8.52361111111111
6,0.8763888888888889
4,0.6923611111111111
1,0.36736111111111114
4,1.4145833333333333
11,0.21736111111111112
3,0.0
6,4.311805555555556
12,9.41388888888889
5,0.0006944444444444445
4,0.005555555555555556
5,29.727777777777778
6,11.150694444444444
3,1.41875
4,17.615972222222222
1,0.39444444444444443
3,10.604861111111111
5,62.71944444444444
4,-59.196527777777774
9,3.576388888888889
6,-0.3402777777777778
1,0.37430555555555556
3,1.625
6,0.7319444444444444
5,48.69166666666667
4,-37.78541666666667
1,1.475
6,19.925
3,1.5993055555555555
5,50.420833333333334
9,-0.8631944444444445
4,-20.8875
6,38.93888888888889
3,0.5104166666666666
6,3.5861111111111112
4,17.122222222222224
5,24.030555555555555
3,15.913194444444445
4,5.592361111111111
6,-2.1458333333333335
1,0.3173611111111111
3,59.68194444444445
6,0.7402777777777778
3,1.2597222222222222
6,1.3833333333333333
6,4.3493055555555555
4,0.8326388888888889
4,1.101388888888889
1,0.40208333333333335
3,7.597222222222222
6,1.3875
4,48.25416666666667
1,0.5826388888888889
8,0.0020833333333333333
7,3.8048611111111112
4,50.143055555555556
3,-21.533333333333335
6,-0.42777777777777776
4,20.177777777777777
3,-1.5923611111111111
6,-0.525
9,30.86111111111111
1,0.40625
3,8.593055555555555
6,4.648611111111111
4,24.006944444444443
1,1.2354166666666666
2,0.12083333333333333
6,6.955555555555556
3,1.6875
4,5.408333333333333
5,79.01319444444445
1,1.479861111111111
8,5.161111111111111
3,24.358333333333334
4,6.676388888888889
5,77.01944444444445
6,-83.32013888888889
6,14.08125
3,0.41458333333333336
4,6.629166666666666
1,1.354861111111111
3,1.6444444444444444
4,55.78333333333333
5,1.9083333333333334
6,-57.37708333333333
3,13.352083333333333
4,5.482638888888889
5,101.21388888888889
9,-86.95625
6,-18.207638888888887
1,0.46875
13,7.1930555555555555
6,2.865972222222222
6,5.110416666666667
13,0.12916666666666668
1,2.5180555555555557
3,15.48125
4,25.745833333333334
6,-6.205555555555556
9,15.019444444444444
5,34.15972222222222
15,0.0
15,0.0
15,0.0
15,0.0006944444444444445
15,0.0
15,0.0
15,0.0
15,0.0
15,0.0
15,0.0
4,6.807638888888889
15,-6.026388888888889
6,0.0
15,0.0006944444444444445
15,0.0
15,0.0
15,0.0
15,0.0
15,0.0
6,0.0
15,0.99375
15,0.0
15,0.0
15,0.0
15,0.0006944444444444445
15,0.0
15,0.0
15,0.0
6,0.0
15,2.68125
15,0.0
6,0.0
3,0.9347222222222222
15,0.39791666666666664
15,0.0
15,0.0
15,0.0
6,0.0
6,-5.790277777777778
5,30.854166666666668
3,44.31041666666667
7,4.592361111111111
8,0.7118055555555556
4,35.265972222222224
6,-34.892361111111114
1,0.6319444444444444
6,20.949305555555554
1,0.5055555555555555
16,0.020833333333333332
17,0.0
6,35.81666666666667
2,0.9291666666666667
4,17.25486111111111
3,-3.6430555555555557
6,-0.5513888888888889
6,25.93611111111111
6,15.014583333333333
3,1.4541666666666666
4,5.386111111111111
9,28.95
3,0.5875
4,21.500694444444445
5,48.21805555555556
6,-69.24791666666667
1,0.6180555555555556
6,42.145833333333336
3,4.554166666666666
4,11.64375
5,65.39791666666666
6,-72.67361111111111
1,0.40208333333333335
2,1.0368055555555555
3,1.5604166666666666
6,8.465972222222222
5,31.957638888888887
4,-22.679861111111112
1,0.38263888888888886
2,0.0375
3,2.5791666666666666
4,0.3875
6,-0.05763888888888889
9,78.30486111111111
5,13.081944444444444
1,0.6041666666666666
3,7.375
6,0.6916666666666667
4,1.023611111111111
9,19.049305555555556
5,43.955555555555556
1,0.4305555555555556
6,18.25138888888889
19,4.7243055555555555
17,0.004861111111111111
1,0.50625
4,23.04722222222222
3,-7.554166666666666
6,-0.6527777777777778
9,27.064583333333335
1,0.38055555555555554
3,3.61875
6,2.316666666666667
5,52.41041666666667
4,-22.131944444444443
1,0.3798611111111111
3,1.6194444444444445
4,15.804166666666667
6,-14.477777777777778
5,41.393055555555556
1,0.5756944444444444
3,47.46527777777778
6,0.3527777777777778
4,53.041666666666664
9,7.017361111111111
1,0.37916666666666665
3,0.6201388888888889
4,18.522222222222222
6,-17.78611111111111
5,42.00347222222222
1,0.3145833333333333
3,4.684722222222222
6,2.3854166666666665
5,43.03472222222222
4,-37.979166666666664
1,0.39861111111111114
3,0.6006944444444444
4,2.6333333333333333
5,74.40833333333333
6,-74.42847222222223
1,0.33055555555555555
7,0.12291666666666666
11,0.5458333333333333
3,0.0
4,52.55138888888889
3,-27.551388888888887
5,29.7625
12,-0.08402777777777778
6,-29.93888888888889
4,30.759722222222223
4,17.214583333333334
9,1.792361111111111
5,2.2375
9,26.827083333333334
5,0.12777777777777777
1,0.3659722222222222
6,2.3645833333333335
3,-0.73125
4,-0.21944444444444444
9,1.3166666666666667
1,7.354166666666667
6,1.9902777777777778
5,22.115972222222222
4,-17.894444444444446
1,0.5388888888888889
1,0.5791666666666667
1,0.375
2,0.08611111111111111
4,8.277777777777779
3,-2.7395833333333335
6,-0.15833333333333333
9,73.79305555555555
5,13.081944444444444
1,0.33125
6,3.4
3,0.26805555555555555
5,54.65486111111111
4,-24.18888888888889
1,0.33055555555555555
3,3.66875
4,24.533333333333335
5,30.20625
6,-52.31388888888889
3,13.60138888888889
4,12.449305555555556
6,-11.852777777777778
9,15.16388888888889
5,35.65972222222222
1,0.3277777777777778
3,0.6715277777777777
4,22.676388888888887
6,-21.930555555555557
5,48.91111111111111
1,1.2534722222222223
2,0.1701388888888889
6,13.052083333333334
3,8.318055555555556
4,18.675694444444446
6,-16.228472222222223
5,52.27152777777778
1,1.667361111111111
2,2.8125
3,2.5194444444444444
4,1.582638888888889
6,-1.257638888888889
1,0.46944444444444444
3,20.52986111111111
5,88.04166666666667
7,-81.49583333333334
6,3.1118055555555557
9,0.44166666666666665
4,-6.7
1,4.709722222222222
6,37.93611111111111
1,0.3076388888888889
3,3.691666666666667
5,25.656944444444445
4,-24.1125
9,4.540972222222222
6,-0.3506944444444444
3,3.4833333333333334
4,21.475694444444443
6,-0.9895833333333334
1,1.4055555555555554
3,7.59375
6,3.4763888888888888
4,16.195138888888888
1,0.37430555555555556
3,1.625
6,0.7319444444444444
5,48.69166666666667
4,-37.78541666666667
3,13.653472222222222
6,0.34305555555555556
5,11.161111111111111
4,-10.943055555555556
1,0.6965277777777777
2,0.013888888888888888
4,16.03263888888889
3,-5.74375
6,-0.5715277777777777
9,10.175694444444444
1,1.4006944444444445
3,0.5986111111111111
4,34.60069444444444
6,-33.87222222222222
3,18.530555555555555
4,7.660416666666666
6,-6.861111111111111
9,14.75625
17,0.01597222222222222
7,8.827083333333333
6,0.0006944444444444445
1,0.3854166666666667
3,2.613888888888889
6,3.7291666666666665
4,21.861805555555556
1,0.1909722222222222
2,0.16527777777777777
4,10.336805555555555
3,-5.69375
5,69.42152777777778
6,-69.79027777777777
1,0.3784722222222222
3,2.620833333333333
6,3.3854166666666665
5,59.354166666666664
4,-57.325694444444444
6,20.917361111111113
1,0.4041666666666667
3,7.595138888888889
4,28.632638888888888
6,-28.075
5,63.16111111111111
1,0.34097222222222223
3,2.658333333333333
6,3.73125
4,22.716666666666665
5,43.206944444444446
1,0.23958333333333334
2,0.23194444444444445
6,20.895138888888887
3,2.6743055555555557
4,0.7340277777777777
9,61.74166666666667
1,0.3645833333333333
3,0.6347222222222222
6,0.7368055555555556
5,42.68680555555556
4,-37.78055555555556
1,0.4388888888888889
3,9.602083333333333
6,3.5756944444444443
5,65.08125
4,-29.960416666666667
19,4.7243055555555555
17,0.004861111111111111
6,40.203472222222224
1,0.3909722222222222
3,3.6083333333333334
4,3.6104166666666666
6,-3.1847222222222222
9,32.708333333333336
5,16.28611111111111
4,63.09166666666667
3,-35.61805555555556
6,-16.710416666666667
5,81.71041666666666
21,20.956944444444446
16,2.1798611111111112
6,14.29375
4,26.750694444444445
3,-0.39166666666666666
5,50.72013888888889
6,-63.041666666666664
1,0.37083333333333335
3,1.6284722222222223
6,2.732638888888889
4,24.910416666666666
5,20.77986111111111
1,0.3104166666666667
6,6.420138888888889
3,1.26875
4,20.633333333333333
6,13.960416666666667
3,2.629166666666667
4,17.68611111111111
5,15.988194444444444
1,0.47152777777777777
6,5.132638888888889
4,2.091666666666667
3,0.3451388888888889
5,10.470138888888888
2,0.0
4,27.222916666666666
3,-10.573611111111111
6,-9.529861111111112
1,0.3701388888888889
3,0.6291666666666667
4,21.74513888888889
5,27.910416666666666
6,-48.90833333333333
6,3.3381944444444445
3,0.2659722222222222
5,34.72013888888889
4,-31.148611111111112
1,1.5527777777777778
3,13.446527777777778
4,0.6041666666666666
6,0.8083333333333333
9,0.6763888888888889
1,0.35625
4,8.099305555555556
3,-6.45625
6,-0.26319444444444445
5,71.30486111111111
1,0.38472222222222224
8,13.228472222222223
3,2.386111111111111
4,26.433333333333334
6,-26.12986111111111
9,32.053472222222226
1,1.3083333333333333
2,0.1423611111111111
4,25.179166666666667
3,-3.6305555555555555
6,-0.6715277777777777
1,0.3819444444444444
3,0.6173611111111111
4,8.350694444444445
6,-7.623611111111111
1,1.3555555555555556
3,3.64375
4,27.586111111111112
6,-23.268055555555556
5,51.3375
2,0.90625
6,27.106944444444444
3,0.4875
4,3.5868055555555554
17,0.007638888888888889
1,0.31875
4,5.8875
3,-1.2069444444444444
6,-0.27361111111111114
5,38.27361111111111
6,13.044444444444444
3,7.393055555555556
4,5.218055555555556
1,0.46875
13,7.186805555555556
6,1.0479166666666666
6,1.8243055555555556
6,3.8833333333333333
1,3.6041666666666665
6,56.875
1,6.495833333333334
6,3.1506944444444445
5,28.072916666666668
4,-22.429861111111112
1,7.602083333333334
4,71.06597222222223
6,-69.25069444444445
9,69.25347222222223
5,1.0458333333333334
1,2.5069444444444446
3,6.492361111111111
4,35.71805555555556
6,-35.394444444444446
1,0.43333333333333335
3,54.607638888888886
6,15.396527777777777
4,15.313888888888888
3,1.5375
4,0.6173611111111111
6,-0.16875
1,0.41458333333333336
3,20.584722222222222
6,1.56875
5,42.08611111111111
4,-36.145833333333336
1,2.4347222222222222
16,0.004166666666666667
7,0.0
16,0.1
1,0.5722222222222222
3,29.427083333333332
4,27.72361111111111
6,-27.216666666666665
9,29.25347222222222
5,20.902083333333334
1,3.61875
8,3.8652777777777776
16,2.192361111111111
4,57.235416666666666
3,-23.665972222222223
5,45.420833333333334
6,-63.62569444444444
17,0.007638888888888889
3,314.47430555555553
4,7.464583333333334
17,0.1
1,0.33055555555555555
3,0.66875
11,0.0
4,52.55138888888889
5,2.2111111111111112
12,-0.08402777777777778
6,-51.31458333333333
4,52.135416666666664
9,19.006944444444443
5,2.2375
1,0.3326388888888889
3,1.6666666666666667
4,28.316666666666666
6,-26.584027777777777
5,54.922916666666666
1,3.7194444444444446
3,22.27986111111111
4,3.509027777777778
6,-3.0118055555555556
5,62.22222222222222
3,1.4409722222222223
5,42.65486111111111
4,-42.06388888888889
9,1.5034722222222223
6,-0.6923611111111111
1,0.36319444444444443
3,3.636111111111111
6,0.4722222222222222
5,41.94861111111111
4,-21.7625
3,16.434722222222224
4,13.403472222222222
6,-9.897916666666667
9,14.259027777777778
5,85.93194444444444
6,0.0006944444444444445
1,0.3923611111111111
3,23.606944444444444
6,6.700694444444444
4,8.790277777777778
1,2.3666666666666667
3,16.632638888888888
8,3.592361111111111
4,22.002083333333335
6,-21.979166666666668
5,66.10347222222222
16,17.895833333333332
1,0.1986111111111111
2,0.13680555555555557
3,5.663888888888889
4,3.49375
6,-3.160416666666667
1,4.381944444444445
3,7.617361111111111
6,2.509027777777778
4,0.9166666666666666
1,0.34305555555555556
3,4.65625
4,3.3895833333333334
6,-2.660416666666667
5,44.010416666666664
1,0.6388888888888888
3,7.360416666666667
8,1.5638888888888889
6,0.0006944444444444445
5,113.13194444444444
4,-112.20416666666667
1,0.32222222222222224
7,0.25
6,3.1777777777777776
3,0.24930555555555556
5,51.69166666666667
4,-1.9013888888888888
1,0.4930555555555556
2,4.081944444444445
4,37.102777777777774
3,-29.678472222222222
6,-0.36875
1,1.3354166666666667
3,1.663888888888889
6,1.4534722222222223
5,21.286805555555556
4,-14.182638888888889
1,0.35625
3,0.6430555555555556
5,26.654166666666665
4,-24.0875
9,1.53125
6,-0.3625
1,0.4576388888888889
6,55.90763888888889
1,0.30833333333333335
3,1.6909722222222223
6,3.31875
5,66.37291666666667
9,-1.2083333333333333
4,-28.888194444444444
1,0.5527777777777778
3,7.446527777777778
6,13.513194444444444
6,0.0006944444444444445
5,63.18333333333333
4,-34.946527777777774
1,0.3729166666666667
3,2.626388888888889
4,17.644444444444446
6,-10.870138888888889
5,27.944444444444443
3,3.5722222222222224
6,3.3868055555555556
5,58.33263888888889
4,-3.0756944444444443
1,0.6513888888888889
3,16.389583333333334
6,0.4576388888888889
4,4.956944444444445
3,4.461805555555555
6,2.7131944444444445
4,44.854166666666664
1,1.3395833333333333
3,0.6597222222222222
4,23.486805555555556
5,28.252777777777776
6,-51.009027777777774
1,0.35347222222222224
6,84.25625
1,1.551388888888889
3,1.4479166666666667
6,2.7305555555555556
4,32.84722222222222
1,0.4083333333333333
2,0.03194444444444444
3,1.5590277777777777
4,5.6090277777777775
6,-5.272916666666666
9,70.29861111111111
5,13.081944444444444
1,0.4395833333333333
3,7.559722222222222
6,0.36875
4,1.1423611111111112
9,10.865972222222222
5,15.124305555555555
1,0.38055555555555554
6,10.353472222222223
6,13.190972222222221
3,2.3569444444444443
5,36.0
4,-30.62013888888889
1,0.45555555555555555
2,0.1
6,36.13055555555555
1,6.495833333333334
4,8.79375
6,-5.643055555555556
5,28.072916666666668
1,0.7972222222222223
3,16.202083333333334
4,2.5625
6,-0.07708333333333334
1,1.4069444444444446
3,13.592361111111112
4,1.375
5,64.04583333333333
9,-51.65625
6,-13.238194444444444
17,12.79375
17,0.09722222222222222
17,46.875
17,0.03194444444444444
17,23.949305555555554
1,0.0
17,0.029166666666666667
3,2.598611111111111
5,3.66875
4,-2.14375
17,23.938194444444445
17,0.03263888888888889
17,35.15
17,0.034722222222222224
17,41.00555555555555
17,2.0805555555555557
1,1.6854166666666666
4,97.80208333333333
3,-64.48819444444445
6,-1.4993055555555554
9,83.95277777777778
1,1.3715277777777777
2,0.04513888888888889
3,1.582638888888889
6,0.46041666666666664
4,6.107638888888889
1,0.5395833333333333
3,13.459722222222222
4,22.429166666666667
6,-21.75486111111111
1,2.4763888888888888
4,34.0
3,-30.477083333333333
6,-0.2388888888888889
1,0.38819444444444445
3,5.611111111111111
5,56.74027777777778
4,-51.321527777777774
9,2.115972222222222
6,-0.9993055555555556
1,0.38125
3,0.6180555555555556
4,30.46875
6,-29.945833333333333
1,0.33819444444444446
3,0.6611111111111111
4,10.579166666666667
6,-9.847222222222221
9,16.679861111111112
1,0.4625
3,11.578472222222222
6,10.320833333333333
4,25.34513888888889
9,3.0166666666666666
1,0.5631944444444444
2,0.12083333333333333
4,13.922222222222222
3,-4.3694444444444445
6,-1.5569444444444445
5,107.59861111111111
3,1.6229166666666666
6,0.30833333333333335
5,22.070138888888888
4,-21.90277777777778
1,0.8326388888888889
1,0.35555555555555557
3,4.64375
4,14.6375
5,65.40416666666667
6,-78.52847222222222
3,15.599305555555556
4,36.61875
6,-34.828472222222224
1,0.38819444444444445
3,8.61111111111111
4,11.750694444444445
6,-9.0125
1,0.32569444444444445
3,3.7152777777777777
6,3.390972222222222
4,10.195833333333333
9,15.927083333333334
5,8.865972222222222
1,0.3548611111111111
3,0.6444444444444445
6,0.7215277777777778
5,41.738194444444446
4,-29.00138888888889
6,21.18611111111111
6,7.995833333333334
3,1.5569444444444445
5,106.04166666666667
4,-101.67222222222222
1,0.33958333333333335
7,4.141666666666667
4,91.98055555555555
3,-81.4625
5,96.71666666666667
9,-13.233333333333333
6,-83.9263888888889
3,3.4659722222222222
6,0.7277777777777777
5,59.272222222222226
4,-32.34236111111111
1,0.38055555555555554
3,3.61875
4,32.59513888888889
6,-30.278472222222224
5,52.41041666666667
1,0.40208333333333335
4,20.166666666666668
3,-0.5277777777777778
6,-0.3326388888888889
9,7.8069444444444445
1,0.40208333333333335
2,1.0368055555555555
4,19.25625
3,-8.695833333333333
6,-0.49375
6,7.656944444444444
3,1.6416666666666666
4,1.5972222222222223
21,7.027777777777778
16,0.03680555555555556
1,3.502083333333333
4,10.157638888888888
11,-2.660416666666667
3,0.0
6,-0.6027777777777777
12,11.297222222222222
4,0.7777777777777778
5,18.52777777777778
5,3.654861111111111
1,0.43125
6,15.26388888888889
6,2.1277777777777778
6,0.8423611111111111
3,33.635416666666664
4,14.600694444444445
6,0.8118055555555556
9,0.6833333333333333
5,35.90416666666667
19,4.7243055555555555
17,0.004861111111111111
6,11.079166666666667
3,0.27361111111111114
4,24.56388888888889
6,7.025
3,6.571527777777778
5,59.72013888888889
4,-16.110416666666666
6,9.055555555555555
3,5.25625
4,41.71527777777778
5,23.705555555555556
1,0.7402777777777778
6,30.631944444444443
4,10.678472222222222
3,-5.3875
6,-3.36875
5,100.41041666666666
1,0.24166666666666667
2,0.11458333333333333
6,4.971527777777778
3,0.6715277777777777
4,12.472222222222221
5,86.225
1,0.40069444444444446
3,13.640277777777778
6,9.634722222222223
4,-7.936805555555556
9,8.39861111111111
1,0.5638888888888889
4,4.904861111111111
3,-0.46944444444444444
6,-0.6520833333333333
5,24.030555555555555
4,29.014583333333334
3,-14.435416666666667
6,-6.502083333333333
19,4.7243055555555555
17,0.004861111111111111
8,49.18125
8,0.001388888888888889
8,0.001388888888888889
4,30.058333333333334
3,-8.695833333333333
6,-0.3472222222222222
6,23.044444444444444
4,54.35347222222222
3,-41.729166666666664
6,-8.400694444444444
40,1.4527777777777777
1,0.003472222222222222
6,27.898611111111112
1,0.6013888888888889
4,7.976388888888889
3,-3.578472222222222
6,-1.2027777777777777
4,6.151388888888889
3,-0.6611111111111111
6,-1.5270833333333333
1,0.7048611111111112
6,54.65763888888889
3,1.363888888888889
4,1.3520833333333333
6,-0.9791666666666666
5,26.12847222222222
1,0.42291666666666666
2,0.09722222222222222
4,19.13888888888889
3,-4.659722222222222
6,-0.49722222222222223
15,0.0
15,0.0
15,0.0
15,0.0
15,0.0
15,0.0
15,0.0
15,0.0
15,0.0
15,0.0
6,0.0
6,17.050694444444446
6,7.863888888888889
3,0.4340277777777778
5,50.420833333333334
4,-39.03541666666667
1,0.3625
6,7.370138888888889
3,0.26666666666666666
4,8.693055555555556
1,0.7090277777777778
17,0.002777777777777778
2,0.018055555555555554
6,5.79375
3,0.4756944444444444
4,0.6631944444444444
6,0.8972222222222223
3,0.4395833333333333
4,5.580555555555556
1,0.2659722222222222
3,28.775
4,6.649305555555555
6,-5.277083333333334
1,0.33125
3,0.6680555555555555
5,19.727083333333333
4,-16.320833333333333
9,1.6902777777777778
6,-1.5152777777777777
1,0.31319444444444444
6,38.419444444444444
3,0.26666666666666666
4,8.74375
3,24.495833333333334
4,35.59861111111111
5,34.05555555555556
9,-7.156944444444444
6,-59.05555555555556
7,70.10208333333334
6,8.077083333333333
3,6.502083333333333
4,14.435416666666667
6,12.3125
3,0.3277777777777778
4,7.3625
9,7.111805555555556
1,0.46944444444444444
6,28.98472222222222
1,0.375
4,27.06388888888889
3,-22.439583333333335
6,-0.2659722222222222
3,16.56875
4,54.49861111111111
6,-50.0125
6,7.280555555555556
1,0.3333333333333333
3,0.6659722222222222
6,2.73125
4,30.814583333333335
5,28.10972222222222
1,0.33194444444444443
3,0.6673611111111111
6,0.7333333333333333
4,24.845833333333335
5,16.84027777777778
17,4.313194444444444
8,73.81597222222223
6,0.05763888888888889
1,0.8652777777777778
4,49.854166666666664
3,-27.72013888888889
8,2.390277777777778
13,0.0
3,18.60972222222222
6,-22.322222222222223
4,39.75277777777778
6,6.233333333333333
3,24.313194444444445
4,11.436111111111112
6,-10.088194444444444
20,0.014583333333333334
6,0.025
6,-0.041666666666666664
7,0.08888888888888889
6,6.1506944444444445
3,0.3402777777777778
5,48.72083333333333
4,-28.200694444444444
1,1.320138888888889
3,0.6791666666666667
6,1.3368055555555556
4,35.28472222222222
1,0.48125
2,0.003472222222222222
3,19.55625
4,29.733333333333334
6,-29.416666666666668
1,0.3145833333333333
3,4.684722222222222
6,2.3854166666666665
5,43.03472222222222
4,-37.979166666666664
3,5.582638888888889
6,1.3819444444444444
4,20.145138888888887
16,4.877083333333333
3,4.572916666666667
6,2.497916666666667
5,32.50208333333333
4,-30.593055555555555
6,11.860416666666667
3,3.4194444444444443
4,4.379166666666666
9,8.722916666666666
5,56.61736111111111
1,0.6305555555555555
7,43.928472222222226
1,1.3743055555555554
3,1.625
4,5.4743055555555555
6,-3.1444444444444444
5,21.051388888888887
1,0.33611111111111114
3,5.663194444444445
6,0.35625
4,25.31388888888889
9,41.62430555555556
5,3.3680555555555554
17,6.748611111111111
17,5.742361111111111
1,0.0
17,0.0006944444444444445
4,0.26805555555555555
5,20.73402777777778
1,0.38125
6,3.347916666666667
3,0.2701388888888889
4,19.66875
1,0.37222222222222223
4,28.379166666666666
5,31.247916666666665
3,-57.0
6,-0.25763888888888886
6,0.0
1,0.5041666666666667
17,4.907638888888889
2,0.06388888888888888
4,13.008333333333333
3,-0.4847222222222222
6,-5.580555555555556
5,107.62222222222222
1,0.36875
4,1.4041666666666666
3,0.2263888888888889
11,0.0
6,3.375
12,70.14166666666667
5,0.0
4,0.034722222222222224
5,2.167361111111111
1,1.5055555555555555
16,61.93333333333333
1,0.4201388888888889
2,0.030555555555555555
3,1.5486111111111112
4,6.256944444444445
6,-5.886805555555555
9,20.11111111111111
5,63.238194444444446
1,0.37777777777777777
3,3.6215277777777777
6,1.729861111111111
4,26.74513888888889
1,0.45069444444444445
2,0.03125
4,5.2034722222222225
3,-0.6861111111111111
6,-0.5430555555555555
9,59.01875
1,0.5993055555555555
8,0.7645833333333333
3,19.635416666666668
4,22.644444444444446
6,-21.175694444444446
5,71.95347222222222
6,14.41388888888889
1,0.49722222222222223
2,3.029861111111111
8,0.9548611111111112
3,8.51736111111111
4,1.5840277777777778
6,-1.2583333333333333
1,0.3034722222222222
6,3.433333333333333
3,3.2625
4,34.7125
5,17.00625
1,0.4951388888888889
4,28.71388888888889
3,-12.338888888888889
6,-0.5319444444444444
9,48.90972222222222
1,0.41944444444444445
2,0.05277777777777778
6,18.146527777777777
3,8.529166666666667
4,21.52986111111111
6,-13.057638888888889
1,0.6180555555555556
3,17.38125
6,3.3243055555555556
4,0.4125
5,26.263194444444444
1,16.403472222222224
4,18.074305555555554
6,-11.8
5,29.78263888888889
3,3.4631944444444445
6,3.4722222222222223
4,15.147222222222222
9,14.13888888888889
5,14.917361111111111
1,0.8020833333333334
16,3.952777777777778
1,0.6597222222222222
2,0.024305555555555556
6,11.850694444444445
3,0.46458333333333335
4,0.3715277777777778
5,86.67013888888889
1,0.5743055555555555
3,13.425
4,12.344444444444445
6,-12.035416666666666
1,0.5888888888888889
4,15.6375
3,-1.1854166666666666
6,-1.2805555555555554
9,7.383333333333334
5,59.897222222222226
1,0.1763888888888889
16,3.6694444444444443
8,0.03194444444444444
6,3.9090277777777778
1,0.3736111111111111
3,1.6256944444444446
5,20.647916666666667
6,-19.92152777777778
9,0.3736111111111111
4,-0.5965277777777778
2,2.963888888888889
6,20.910416666666666
6,13.167361111111111
3,2.236111111111111
4,15.600694444444445
1,0.81875
3,16.180555555555557
4,21.644444444444446
6,-14.990972222222222
1,0.9819444444444444
2,0.021527777777777778
6,4.313194444444444
4,16.99861111111111
3,-3.6645833333333333
6,-0.275
9,5.372916666666667
3,57.65833333333333
4,6.495833333333334
6,-0.8645833333333334
3,8.291666666666666
4,1.5715277777777779
6,-1.1298611111111112
9,6.0055555555555555
3,3.372916666666667
6,0.7409722222222223
5,44.678472222222226
9,-6.625694444444444
4,-11.20138888888889
1,0.33958333333333335
3,1.6597222222222223
4,13.609722222222222
6,-13.22638888888889
5,34.99861111111111
1,1.6222222222222222
8,19.818055555555556
3,20.600694444444443
4,29.47222222222222
8,-22.059722222222224
6,-7.009722222222222
1,0.33958333333333335
7,4.141666666666667
6,10.073611111111111
3,0.4444444444444444
5,96.71666666666667
9,-13.233333333333333
4,-2.0208333333333335
1,0.3659722222222222
3,1.6333333333333333
4,19.48263888888889
5,24.51736111111111
6,-43.22638888888889
1,0.22430555555555556
17,0.4375
2,0.09305555555555556
16,26.778472222222224
6,13.294444444444444
3,0.2791666666666667
4,1.5444444444444445
1,0.3798611111111111
8,1.01875
3,33.642361111111114
4,35.50416666666667
6,-33.894444444444446
6,-0.0006944444444444445
9,34.83819444444445
1,0.4284722222222222
2,0.03263888888888889
16,0.05347222222222222
1,0.5875
7,5.041666666666667
6,71.80069444444445
1,0.3472222222222222
3,1.6520833333333333
6,1.7305555555555556
5,34.64930555555556
4,-17.845833333333335
1,0.19583333333333333
2,0.13958333333333334
4,11.306944444444444
3,-6.643055555555556
6,-0.3736111111111111
5,93.07083333333334
1,0.6041666666666666
3,10.436805555555555
6,9.552777777777777
5,53.44722222222222
4,-35.44375
1,0.39166666666666666
3,1.6076388888888888
6,0.7305555555555555
4,5.936805555555556
5,43.33263888888889
1,0.3611111111111111
3,0.6381944444444444
6,0.7277777777777777
4,39.90972222222222
5,15.785416666666666
8,1.9708333333333334
3,24.595833333333335
4,7.6
6,-5.789583333333334
6,12.284722222222221
3,0.3951388888888889
5,65.0
4,-64.70486111111111
1,0.5277777777777778
2,0.018055555555555554
4,21.07986111111111
3,-0.6263888888888889
6,-0.4986111111111111
9,63.016666666666666
5,0.2013888888888889
1,0.40208333333333335
3,7.597222222222222
6,0.6326388888888889
4,49.009027777777774
6,19.257638888888888
1,0.6472222222222223
6,3.76875
3,0.5833333333333334
4,29.493055555555557
3,64.40833333333333
17,4.3805555555555555
1,0.0
17,0.1423611111111111
5,57.018055555555556
17,-35.178472222222226
17,0.3326388888888889
4,-21.21875
6,20.04652777777778
3,1.2527777777777778
4,8.360416666666667
6,20.075694444444444
1,0.5763888888888888
6,31.011805555555554
1,0.4027777777777778
6,39.43194444444445
1,0.33055555555555555
11,0.66875
3,0.0
4,52.55138888888889
5,2.2111111111111112
12,-0.08402777777777778
6,-51.31458333333333
4,52.135416666666664
9,19.006944444444443
5,2.2375
1,0.3701388888888889
3,3.629166666666667
6,0.74375
4,14.853472222222223
9,8.502083333333333
5,21.36111111111111
1,0.24930555555555556
3,23.75
6,3.6756944444444444
4,1.9513888888888888
9,65.00763888888889
5,13.081944444444444
1,2.660416666666667
3,7.338888888888889
4,1.7138888888888888
6,-1.1520833333333333
9,42.91388888888889
2,0.0
6,1.1256944444444446
3,0.5145833333333333
4,10.498611111111112
17,0.9215277777777777
7,27.8
1,0.33055555555555555
7,0.225
3,1.44375
4,45.44861111111111
6,-45.02291666666667
5,55.23125
1,0.5555555555555556
6,15.932638888888889
3,0.5111111111111111
4,26.556944444444444
1,9.604861111111111
17,0.020833333333333332
4,0.04097222222222222
1,0.1763888888888889
2,0.1798611111111111
4,20.25138888888889
3,-7.608333333333333
6,-0.6805555555555556
3,3.6180555555555554
4,30.68611111111111
6,-24.211111111111112
9,27.936805555555555
6,7.1819444444444445
3,0.4215277777777778
4,5.7
1,1.320138888888889
3,2.6791666666666667
4,18.552083333333332
6,-17.222916666666666
5,41.41111111111111
1,2.502083333333333
6,6.894444444444445
11,0.6027777777777777
3,0.0
5,30.0
12,-19.305555555555557
4,0.7777777777777778
4,-8.811805555555555
5,30.994444444444444
1,0.5138888888888888
3,14.485416666666667
6,0.6270833333333333
4,2.8930555555555557
6,8.125694444444445
3,1.4673611111111111
4,4.702083333333333
1,0.3736111111111111
3,1.6256944444444446
6,3.303472222222222
4,2.3979166666666667
5,14.999305555555555
3,16.259722222222223
6,0.44166666666666665
4,5.9125
9,28.119444444444444
1,0.3375
16,0.06666666666666667
1,0.6381944444444444
1,0.39305555555555555
3,0.60625
4,26.704166666666666
6,-25.406944444444445
5,62.44305555555555
3,4.597222222222222
6,0.3506944444444444
5,42.15069444444445
4,-31.93888888888889
1,1.1958333333333333
2,0.26180555555555557
4,19.191666666666666
3,-6.65
6,-0.6381944444444444
1,0.6694444444444444
3,10.32986111111111
6,3.426388888888889
4,32.28888888888889
3,2.392361111111111
6,8.39375
4,7.1618055555555555
5,28.444444444444443
3,4.627083333333333
4,34.54375
5,3.9159722222222224
6,-36.135416666666664
3,14.496527777777779
4,22.413888888888888
6,-20.78611111111111
1,0.31527777777777777
3,5.684027777777778
6,2.732638888888889
4,3.8256944444444443
5,24.181944444444444
3,1.5020833333333334
6,7.386805555555555
4,11.975
6,5.297916666666667
3,0.3055555555555556
4,43.761805555555554
5,44.27986111111111
1,0.21736111111111112
3,18.781944444444445
6,1.6944444444444444
4,0.8631944444444445
9,1.5340277777777778
2,0.2534722222222222
6,28.911805555555556
3,0.3715277777777778
4,1.582638888888889
2,0.0
6,1.1145833333333333
3,3.511111111111111
4,5.401388888888889
1,0.49722222222222223
3,10.502083333333333
6,0.5486111111111112
4,1.945138888888889
13,7.26875
3,20.45138888888889
6,0.41388888888888886
4,36.18263888888889
3,1.5611111111111111
4,52.456944444444446
6,-48.827083333333334
5,87.41180555555556
1,0.5284722222222222
2,0.017361111111111112
4,10.050694444444444
3,-3.5972222222222223
6,-0.35555555555555557
9,13.836805555555555
5,63.238194444444446
17,0.01597222222222222
7,8.827083333333333
1,0.6263888888888889
3,20.372916666666665
6,0.3854166666666667
4,6.243055555555555
5,36.02638888888889
1,1.2534722222222223
2,0.19444444444444445
4,17.084722222222222
3,-4.533333333333333
6,-0.5125
1,0.6194444444444445
3,21.37986111111111
4,27.725694444444443
6,-26.325
1,0.9576388888888889
2,0.004166666666666667
16,15.446527777777778
6,0.0006944444444444445
1,3.7368055555555557
1,0.3423611111111111
6,2.388888888888889
3,0.26805555555555555
4,32.69861111111111
9,6.595833333333333
5,10.424305555555556
1,0.5284722222222222
2,0.017361111111111112
4,21.197222222222223
3,-2.74375
6,-0.4041666666666667
9,64.92222222222222
5,0.2013888888888889
1,0.48819444444444443
3,5.511111111111111
4,21.381944444444443
6,-7.985416666666667
15,0.0
15,0.0
15,0.0
15,0.0
15,0.0
15,0.0
15,0.0
15,0.0
15,0.0
15,0.0
15,0.0
6,0.0
6,0.0
6,0.0
6,0.0
6,0.0
15,0.0006944444444444445
15,0.0
15,0.0
15,0.0
15,0.0
15,0.0
15,0.0
15,0.0
15,0.0
15,0.0
15,0.0
15,0.0
6,0.0
6,0.0
6,0.0
6,0.0
6,0.0
6,0.0
6,0.0
15,0.0006944444444444445
15,0.0
15,0.0
15,0.0
15,0.0
15,0.0
15,0.0
15,0.0
15,0.0
15,0.0
15,0.0
15,0.0
15,0.0
15,0.0
6,0.0
6,0.0
6,0.0
6,0.0
6,0.0
6,0.0
15,0.0006944444444444445
15,0.0
15,0.0
15,0.0
15,0.0
15,0.0
15,0.0
15,0.0
15,0.0
15,0.0
6,0.0
6,0.0
6,0.0
6,0.0
6,0.0
6,0.0
15,0.0006944444444444445
15,0.0
15,0.0
15,0.0
15,0.0
15,0.0
15,0.0
15,0.0
15,0.0
15,0.0
6,0.0
6,0.0
6,0.0
6,0.0
15,0.0006944444444444445
15,0.0
15,0.0
15,0.0
15,0.0
15,0.0
15,0.0
15,0.0
15,0.0
6,0.0
6,0.0
6,0.0
15,0.0006944444444444445
15,0.0
15,0.0
15,0.0
15,0.0
15,0.0
6,0.0
6,0.0
6,0.0
6,0.0
6,0.0
15,0.0006944444444444445
15,0.0
15,0.0
15,0.0
15,0.0
15,0.0
15,0.0
6,0.0
6,0.0
6,0.0
15,0.0006944444444444445
15,0.0
15,0.0
15,0.0
15,0.0
15,0.0
15,0.0
15,0.0
6,0.0
15,0.0006944444444444445
15,0.0
15,0.0
15,0.0
15,0.0
6,0.0
6,0.0
15,0.0006944444444444445
15,0.0
15,0.0
15,0.0
15,0.0
15,0.0
15,0.0
15,0.0
6,0.0
6,0.0
6,0.0
15,0.001388888888888889
15,0.0
15,0.0
6,0.0
15,0.0006944444444444445
15,0.0
15,0.0
15,0.0
6,0.0
15,0.001388888888888889
15,0.0
15,0.0006944444444444445
15,0.0
15,0.0
6,0.0
15,0.001388888888888889
15,0.0
15,0.0
6,0.0
15,0.001388888888888889
6,0.0
1,0.4048611111111111
8,29.991666666666667
1,0.31805555555555554
4,2.9881944444444444
3,-0.30694444444444446
6,-1.26875
5,22.647222222222222
6,19.299305555555556
1,0.6784722222222223
3,35.32083333333333
6,3.3270833333333334
4,34.12847222222222
1,0.36666666666666664
3,0.6326388888888889
6,1.3902777777777777
4,21.260416666666668
1,6.459722222222222
8,0.0006944444444444445
3,31.538888888888888
6,0.38472222222222224
5,48.33402777777778
9,-13.102777777777778
4,-4.065972222222222
1,0.6652777777777777
2,0.0
6,7.23125
3,18.429166666666667
4,10.592361111111112
6,2.7465277777777777
3,0.6270833333333333
4,11.635416666666666
5,100.40625
1,0.7013888888888888
3,23.297916666666666
4,22.476388888888888
6,-21.13888888888889
1,0.3388888888888889
3,1.6604166666666667
6,0.44930555555555557
4,56.074305555555554
5,7.114583333333333
1,0.44375
3,1.5555555555555556
4,27.572222222222223
6,-25.165277777777778
15,0.0
15,0.0
15,0.0
15,0.0
15,0.0
15,0.0
15,0.0
15,0.0
15,0.0
15,0.0
15,0.0
15,0.0
15,0.0
6,0.0
15,0.0006944444444444445
15,0.0
15,0.0
15,0.0
15,0.0
15,0.0
15,0.0
15,0.0
15,0.0
6,0.0
15,0.9979166666666667
15,0.0
15,0.0
6,0.0
1,0.35625
3,5.643055555555556
4,57.577083333333334
6,-56.259027777777774
6,0.3215277777777778
19,4.7243055555555555
17,0.004861111111111111
1,0.35555555555555557
3,3.64375
4,9.609722222222222
6,-7.173611111111111
9,16.7125
5,36.27152777777778
3,9.440972222222221
6,0.5208333333333334
4,25.051388888888887
7,0.20902777777777778
8,0.0
6,67.83819444444444
1,0.6979166666666666
3,19.343055555555555
6,5.472222222222222
4,-5.029861111111111
9,5.645138888888889
6,15.840972222222222
3,0.49444444444444446
5,111.69652777777777
4,-106.13819444444445
7,1.7555555555555555
7,14.247916666666667
6,32.269444444444446
3,2.0805555555555557
4,27.588194444444444
5,21.068055555555556
1,0.4152777777777778
2,0.024305555555555556
3,1.5597222222222222
4,5.684027777777778
6,-5.163888888888889
1,0.7868055555555555
8,46.7375
6,4.822916666666667
3,11.69375
7,2.6416666666666666
4,25.000694444444445
40,0.38958333333333334
1,0.002777777777777778
6,28.09375
1,0.4722222222222222
2,0.03125
6,6.990972222222222
3,0.5048611111111111
4,2.589583333333333
9,56.045138888888886
5,13.081944444444444
1,0.31875
6,1.4159722222222222
3,0.26458333333333334
4,0.7125
5,21.722916666666666
1,0.5375
3,10.461805555555555
6,5.793055555555555
4,-5.420833333333333
9,5.721527777777778
1,0.3333333333333333
3,0.6659722222222222
6,0.7576388888888889
4,4.645833333333333
5,30.596527777777776
1,0.17777777777777778
2,0.27361111111111114
3,13.547916666666667
4,1.7229166666666667
6,-1.4104166666666667
9,43.16319444444444
1,0.33055555555555555
4,6.120833333333334
3,-1.4520833333333334
5,37.459722222222226
6,-37.72986111111111
1,0.33055555555555555
3,5.66875
6,3.738888888888889
4,3.7159722222222222
5,17.00625
1,1.1840277777777777
2,0.41805555555555557
6,4.7965277777777775
3,0.6006944444444444
4,5.632638888888889
1,0.24166666666666667
2,0.16875
3,24.58888888888889
6,0.31527777777777777
5,72.40138888888889
9,-13.081944444444444
4,-56.0625
1,0.30416666666666664
3,0.6951388888888889
4,2.515277777777778
6,0.21944444444444444
9,0.3638888888888889
5,3.279166666666667
1,1.3333333333333333
3,3.6659722222222224
6,0.7298611111111111
4,24.867361111111112
1,0.3715277777777778
4,5.979861111111111
3,-4.352083333333334
5,19.620833333333334
6,-19.894444444444446
1,2.6659722222222224
17,0.8923611111111112
6,49.977777777777774
1,0.71875
6,39.856944444444444
3,0.4652777777777778
4,1.5916666666666666
1,0.47152777777777777
3,8.527777777777779
6,3.4444444444444446
4,3.9180555555555556
5,70.67916666666666
3,14.263194444444444
4,29.631944444444443
6,-29.083333333333332
1,0.3416666666666667
4,5.156944444444444
3,-0.49930555555555556
6,-0.3423611111111111
5,29.997222222222224
1,0.33194444444444443
4,5.10625
3,-0.4388888888888889
5,10.378472222222221
6,-10.63125
1,3.5819444444444444
6,7.753472222222222
3,0.6638888888888889
5,77.42291666666667
4,-71.02361111111111
6,7.938888888888889
3,0.34444444444444444
5,54.675
4,-47.99652777777778
6,0.0
15,0.0
1,0.33055555555555555
3,1.66875
6,0.42569444444444443
5,55.23125
4,-10.208333333333334
8,0.002777777777777778
8,1.0965277777777778
3,14.294444444444444
6,6.180555555555555
4,20.365972222222222
5,16.17361111111111
1,0.49166666666666664
3,0.42986111111111114
6,4.325
4,50.865972222222226
1,0.7604166666666666
2,0.0125
6,9.609722222222222
3,0.6166666666666667
4,2.515972222222222
5,73.90555555555555
1,0.3840277777777778
3,2.6152777777777776
6,3.3833333333333333
4,18.145138888888887
5,41.21111111111111
1,0.7340277777777777
3,14.306944444444444
4,7.452083333333333
6,-6.853472222222222
9,12.716666666666667
1,0.5930555555555556
6,32.170138888888886
6,2.6222222222222222
6,6.860416666666667
3,0.61875
4,21.601388888888888
6,-20.869444444444444
1,0.70625
2,0.025694444444444443
3,7.267361111111111
6,0.31875
4,30.152083333333334
1,0.4465277777777778
3,11.552777777777777
6,2.513888888888889
4,0.8840277777777777
6,11.136805555555556
1,0.3840277777777778
3,3.6152777777777776
6,1.3166666666666667
5,30.14375
4,-29.93402777777778
1,0.4097222222222222
6,48.946527777777774
3,1.5006944444444446
4,2.5180555555555557
6,-0.024305555555555556
5,101.20277777777778
40,0.5083333333333333
1,0.0
1,0.37569444444444444
3,1.6236111111111111
6,0.7381944444444445
4,16.771527777777777
5,3.95
6,5.180555555555555
3,14.377083333333333
4,30.270833333333332
1,0.5354166666666667
3,40.46388888888889
6,0.5326388888888889
4,5.009722222222222
1,0.4895833333333333
6,16.970833333333335
3,0.6673611111111111
5,20.702083333333334
4,-20.124305555555555
9,0.5138888888888888
6,-0.36944444444444446
1,0.5631944444444444
2,0.18819444444444444
3,11.289583333333333
6,1.3145833333333334
4,26.899305555555557
5,38.78611111111111
1,0.3472222222222222
1,0.6555555555555556
3,15.402083333333334
6,3.5083333333333333
4,28.093055555555555
1,1.3777777777777778
3,0.6215277777777778
4,29.761111111111113
6,-29.03125
5,51.68958333333333
1,0.6819444444444445
3,9.317361111111111
4,6.299305555555556
5,34.355555555555554
6,-38.11805555555556
1,5.350694444444445
3,22.648611111111112
6,0.5534722222222223
4,4.1715277777777775
6,10.83611111111111
1,0.3125
3,0.6868055555555556
4,24.6125
6,-22.170833333333334
6,-0.001388888888888889
5,59.27916666666667
3,3.557638888888889
6,10.604166666666666
4,22.916666666666668
1,0.34930555555555554
6,1.38125
3,1.26875
4,0.46597222222222223
5,29.534027777777776
4,9.727777777777778
3,-5.353472222222222
6,-3.365972222222222
5,100.40763888888888
1,0.6840277777777778
4,49.99375
3,-0.6368055555555555
6,-14.640972222222222
5,79.64097222222222
1,0.30416666666666664
3,0.6951388888888889
5,6.377777777777778
4,-3.8625
9,0.5833333333333334
6,-0.3638888888888889
1,0.3159722222222222
3,0.6833333333333333
6,0.7319444444444444
5,48.6875
4,-35.766666666666666
1,0.4895833333333333
3,36.50972222222222
6,4.381944444444445
4,-0.9430555555555555
9,1.65625
1,0.3458333333333333
3,0.6534722222222222
6,0.73125
4,25.759722222222223
1,0.5201388888888889
2,0.10347222222222222
3,6.375694444444444
6,0.32569444444444445
4,27.226388888888888
3,45.611805555555556
4,38.672222222222224
6,-36.049305555555556
1,0.6659722222222222
2,0.002777777777777778
16,3.7784722222222222
1,1.257638888888889
2,0.25763888888888886
4,20.16875
3,-2.6847222222222222
6,-0.46875
1,0.31875
3,3.6805555555555554
6,0.29930555555555555
4,48.42916666666667
5,2.9034722222222222
1,0.3277777777777778
3,7.6715277777777775
6,5.343055555555556
5,51.33125
4,-3.161111111111111
1,4.460416666666666
6,15.119444444444444
3,14.419444444444444
4,13.625
1,0.36875
3,0.6305555555555555
4,20.726388888888888
6,-19.382638888888888
3,8.511805555555556
6,0.27569444444444446
4,16.156944444444445
1,47.54097222222222
4,15.957638888888889
3,-6.499305555555556
6,-1.59375
9,79.22847222222222
5,13.081944444444444
1,0.5013888888888889
6,27.089583333333334
3,1.45
4,5.459722222222222
9,22.87638888888889
6,13.025694444444444
3,22.424305555555556
4,41.53125
9,2.8534722222222224
1,0.4270833333333333
8,0.075
3,53.53888888888889
6,1.4520833333333334
4,39.99583333333333
3,9.4625
4,1.5527777777777778
6,5.2375
9,0.3034722222222222
3,16.564583333333335
4,5.48125
6,-5.019444444444445
9,27.874305555555555
1,2.3993055555555554
8,14.254861111111111
6,0.1673611111111111
3,0.21944444444444444
4,1.5486111111111112
1,0.4111111111111111
2,0.03125
3,2.5569444444444445
6,0.31805555555555554
5,92.10347222222222
4,-86.75763888888889
1,1.3840277777777779
3,0.6152777777777778
6,1.3277777777777777
4,34.37083333333333
1,0.38472222222222224
3,0.6145833333333334
4,27.488194444444446
6,-24.084027777777777
13,25.278472222222224
5,26.974305555555556
3,0.5694444444444444
4,24.241666666666667
6,-21.897222222222222
1,0.3333333333333333
3,3.6659722222222224
4,3.6243055555555554
6,-1.8868055555555556
9,5.020138888888889
5,16.944444444444443
1,0.5055555555555555
3,40.53541666666667
4,35.52569444444445
6,-35.09097222222222
4,26.184722222222224
3,-11.661805555555556
6,-4.027777777777778
5,52.450694444444444
1,7.354166666666667
4,6.211805555555555
5,17.894444444444446
6,-22.115972222222222
1,0.32916666666666666
3,12.67013888888889
6,5.627777777777778
5,45.09166666666667
4,-44.29375
1,0.36180555555555555
3,3.6375
6,0.2986111111111111
4,26.266666666666666
5,22.161805555555556
1,0.35694444444444445
3,1.6423611111111112
4,39.56527777777778
6,-34.22430555555555
5,52.080555555555556
6,14.072222222222223
6,8.015277777777778
3,0.5583333333333333
4,6.513888888888889
4,18.24861111111111
3,-9.75
6,-1.7034722222222223
5,36.703472222222224
1,0.7409722222222223
6,49.828472222222224
3,0.47152777777777777
8,11.379861111111111
13,0.0
6,0.0020833333333333333
4,10.238888888888889
9,9.790972222222223
6,10.495138888888889
3,4.027777777777778
5,48.422916666666666
4,-36.76111111111111
1,0.3645833333333333
3,0.6347222222222222
6,0.7368055555555556
4,4.90625
5,37.78055555555556
1,0.5166666666666667
3,15.48263888888889
4,12.372916666666667
5,24.345833333333335
9,-15.202777777777778
6,-19.940277777777776
1,2.6659722222222224
17,0.8923611111111112
4,49.071527777777774
3,-5.6305555555555555
6,-0.18055555555555555
1,0.3055555555555556
6,4.425
3,-0.73125
4,-0.21180555555555555
9,1.3097222222222222
1,0.3125
6,3.015972222222222
3,5.670833333333333
5,43.422916666666666
4,-21.729861111111113
1,0.5541666666666667
3,10.44513888888889
6,0.47638888888888886
4,90.20138888888889
6,11.266666666666667
4,35.00486111111111
3,-1.5902777777777777
6,-0.4625
1,0.5041666666666667
17,4.907638888888889
2,0.03958333333333333
4,13.036111111111111
3,-0.48819444444444443
5,102.04166666666667
6,-107.62222222222222
1,0.45069444444444445
3,2.548611111111111
4,26.2125
6,-20.59375
5,49.03680555555555
1,0.6034722222222222
2,0.9923611111111111
8,14.052777777777777
3,0.3506944444444444
4,3.61875
6,-3.1756944444444444
1,0.4111111111111111
2,0.10277777777777777
4,28.011805555555554
3,-13.526388888888889
5,69.71666666666667
9,-13.081944444444444
6,-56.925694444444446
1,4.621527777777778
3,23.377777777777776
4,49.64930555555556
6,-49.06111111111111
5,95.45347222222222
6,9.059722222222222
3,1.3909722222222223
5,50.0
4,-35.41458333333333
1,0.3326388888888889
3,3.6666666666666665
6,2.442361111111111
5,49.97708333333333
4,-21.740972222222222
4,15.059722222222222
3,-4.410416666666666
6,-1.54375
5,23.005555555555556
1,0.7590277777777777
2,0.013888888888888888
4,12.7375
3,-2.511111111111111
5,76.42152777777778
6,-76.82430555555555
